00000000111111111111111111111111
00000000111111111111111111111111
00000000111111111111111111111111
00000000111111111111111111111111
00000000111111111111111111111111
00000000111111111111111111111111
00000000111111111111111111111111
00000000111111111111111111111111
11111111111111111111111111111111
11111111111111111111111111111111
11111111111111111111111111111111
11111111111111111111111111111111
11111111111111111111111111111111
11111111111111111111111111111111
11111111111111111111111111111111
11111111111111111111111111111111
11111111111111111111111111111111
11111111111111111111111111111111
11111111111111111111111111111111
11111111111111111111111111111111
11111111111111111111111111111111
11111111111111111111111111111111
11111111111111111111111111111111
11111111111111111111111111111111
11111111111111111111111111111111
11111111111111111111111111111111
11111111111111111111111111111111
11111111111111111111111111111111
11111111111111111111111111111111
11111111111111111111111111111111
11111111111111111111111111111111
11111111111111111111111111111111

13
11000000
11000000
00000000
00000000
00000000
00000000
00000000
00000000

01000000
11100000
01000000
00000000
00000000
00000000
00000000
00000000

11111000
00000000
00000000
00000000
00000000
00000000
00000000
00000000

10000000
11100000
00100000
00000000
00000000
00000000
00000000
00000000

11100000
10000000
10000000
00000000
00000000
00000000
00000000
00000000

01100000
11000000
10000000
00000000
00000000
00000000
00000000
00000000

11100000
01000000
01000000
00000000
00000000
00000000
00000000
00000000

11100000
10100000
00000000
00000000
00000000
00000000
00000000
00000000

10000000
11100000
01000000
00000000
00000000
00000000
00000000
00000000

11110000
00010000
00000000
00000000
00000000
00000000
00000000
00000000

11110000
00100000
00000000
00000000
00000000
00000000
00000000
00000000

11100000
00110000
00000000
00000000
00000000
00000000
00000000
00000000

11100000
01100000
00000000
00000000
00000000
00000000
00000000
00000000
