00000000000000000000000000000000
01111111010011100111000111111100
01000000001011111001000100000100
01011101000011010000100101110100
01011101011010000101000101110100
01011101000000101101100101110100
01000001001111001000100000000100
01111111010101010101010111111100
00000000000000000101000000000000
00010111011110111101011000100100
00010110010000010101101100010100
01100011000100000110000000001100
00111110010111101110011101001000
00110001110100000011000110000000
01000010011001001000011110001100
00110001000011001100000110011100
00001010011001000011100110000100
00100011100100101011011100101000
00001100001011001001001110101100
01010111000011110011000000111100
00100000011000011011110110001100
01010111001110100101111111101100
00000000011000000100010001001100
01011111001101100000110101011100
01000001010100001010000001000100
01011101010010101111011111100100
01011101000100100100011001100000
01011101011000000100100011010100
01000001001011010011110110001000
01111111000010111101110001101100
00000000000000000000000000000000
00000000000000000000000000000000

117
10000000
00000000
00000000
00000000
00000000
00000000
00000000
00000000

11000000
10000000
10000000
10000000
00000000
00000000
00000000
00000000

11110000
11000000
10000000
00000000
00000000
00000000
00000000
00000000

10000000
10000000
10000000
10000000
10000000
10000000
10000000
10000000

11100000
01100000
00100000
00100000
00100000
00000000
00000000
00000000

10000000
11000000
01110000
00000000
00000000
00000000
00000000
00000000

00100000
11100000
01100000
00100000
00000000
00000000
00000000
00000000

10000000
10000000
10000000
11000000
11000000
00000000
00000000
00000000

11000000
01000000
11000000
00000000
00000000
00000000
00000000
00000000

00100000
00100000
00100000
11100000
00000000
00000000
00000000
00000000

00110000
01111000
11000000
00000000
00000000
00000000
00000000
00000000

01000000
01000000
11100000
01000000
01000000
01000000
01000000
00000000

01000000
11000000
10000000
00000000
00000000
00000000
00000000
00000000

11000000
01000000
01000000
01100000
00000000
00000000
00000000
00000000

01000000
01000000
01100000
01000000
11000000
10000000
00000000
00000000

11000000
11000000
00000000
00000000
00000000
00000000
00000000
00000000

10000000
10000000
10000000
10000000
10000000
10000000
10000000
11000000

10000000
10000000
11000000
01000000
00000000
00000000
00000000
00000000

10000000
10000000
10000000
10000000
00000000
00000000
00000000
00000000

11000000
01000000
01000000
01000000
01100000
00000000
00000000
00000000

11100000
00100000
00100000
00100000
01100000
00000000
00000000
00000000

11100000
10000000
10000000
00000000
00000000
00000000
00000000
00000000

11000000
00000000
00000000
00000000
00000000
00000000
00000000
00000000

01110000
00100000
00100000
01100000
00000000
00000000
00000000
00000000

10100000
11110000
00000000
00000000
00000000
00000000
00000000
00000000

00101000
11111000
00010000
00011100
00000000
00000000
00000000
00000000

10000000
10000000
10000000
10000000
00000000
00000000
00000000
00000000

01000000
01000000
11100000
00000000
00000000
00000000
00000000
00000000

10000000
11100000
00100000
00000000
00000000
00000000
00000000
00000000

11000000
11000000
00000000
00000000
00000000
00000000
00000000
00000000

11110000
00010000
00000000
00000000
00000000
00000000
00000000
00000000

11110000
00010000
00010000
00000000
00000000
00000000
00000000
00000000

01000000
11111000
00000000
00000000
00000000
00000000
00000000
00000000

11111110
00000000
00000000
00000000
00000000
00000000
00000000
00000000

10111110
11111000
00000000
00000000
00000000
00000000
00000000
00000000

11111111
00000000
00000000
00000000
00000000
00000000
00000000
00000000

10000000
10000000
11000000
11000000
10000000
11000000
00000000
00000000

01111111
01000000
01100000
00000000
00000000
00000000
00000000
00000000

00000010
11111111
00000000
00000000
00000000
00000000
00000000
00000000

01000000
01000000
01000000
01100000
01000000
01000000
11000000
00000000

01000000
11000000
01000000
00000000
00000000
00000000
00000000
00000000

11110000
11010000
10010000
00000000
00000000
00000000
00000000
00000000

10100000
11100000
00100000
00000000
00000000
00000000
00000000
00000000

01000000
11100000
00100000
00000000
00000000
00000000
00000000
00000000

11100000
00100000
01100000
01000000
00000000
00000000
00000000
00000000

10000000
10000000
00000000
00000000
00000000
00000000
00000000
00000000

10000000
00000000
00000000
00000000
00000000
00000000
00000000
00000000

01110000
11010000
00000000
00000000
00000000
00000000
00000000
00000000

11000000
11000000
00000000
00000000
00000000
00000000
00000000
00000000

10000000
10000000
10000000
10000000
11100000
01000000
01000000
00000000

10100000
11100000
01000000
00000000
00000000
00000000
00000000
00000000

11000000
11000000
00000000
00000000
00000000
00000000
00000000
00000000

01000000
01000000
01000000
01000000
11000000
01000000
01000000
01000000

00100000
00100000
00100000
01100000
00000000
00000000
00000000
00000000

01000000
11000000
10000000
00000000
00000000
00000000
00000000
00000000

01100000
11000000
00000000
00000000
00000000
00000000
00000000
00000000

00110000
01100000
11000000
00000000
00000000
00000000
00000000
00000000

10000000
10000000
00000000
00000000
00000000
00000000
00000000
00000000

11111111
00000000
00000000
00000000
00000000
00000000
00000000
00000000

00000000
00000000
00000000
00000000
00000000
00000000
11111000
10000000

11000000
01000000
01000000
00000000
00000000
00000000
00000000
00000000

11000000
10000000
11000000
00000000
00000000
00000000
00000000
00000000

11100000
00100000
01100000
00000000
00000000
00000000
00000000
00000000

10100000
10100000
11100000
00000000
00000000
00000000
00000000
00000000

10000000
00000000
00000000
00000000
00000000
00000000
00000000
00000000

01000000
11000000
10000000
10000000
00000000
00000000
00000000
00000000

00100000
01100000
11000000
00000000
00000000
00000000
00000000
00000000

00110000
11100000
11000000
00000000
00000000
00000000
00000000
00000000

10000000
11000000
11000000
10000000
11000000
00000000
00000000
00000000

11000000
01100000
11000000
00000000
00000000
00000000
00000000
00000000

00100000
11111000
01001000
00000000
00000000
00000000
00000000
00000000

11000000
11000000
00000000
00000000
00000000
00000000
00000000
00000000

11110000
00100000
00000000
00000000
00000000
00000000
00000000
00000000

01000000
11000000
01000000
00000000
00000000
00000000
00000000
00000000

11100000
01000000
01100000
00000000
00000000
00000000
00000000
00000000

01000000
11100000
00000000
00000000
00000000
00000000
00000000
00000000

00111000
11100000
00000000
00000000
00000000
00000000
00000000
00000000

01000000
11000000
10000000
00000000
00000000
00000000
00000000
00000000

11000000
10000000
11000000
00000000
00000000
00000000
00000000
00000000

00011111
00000001
00000001
00000001
00000001
00000001
00000000
00000000

11100000
00000000
00000000
00000000
00000000
00000000
00000000
00000000

00000010
00000111
00000100
00001100
00000000
00000000
00000000
00000000

11000000
01110000
00000000
00000000
00000000
00000000
00000000
00000000

00000000
00000000
00000000
00000000
00000000
00000000
11110000
10100000

11110000
00011000
11110000
00000000
00000000
00000000
00000000
00000000

11111111
00000000
00000000
00000000
00000000
00000000
00000000
00000000

00000000
00000000
00000000
11000000
01110000
00100000
11100000
10000000

11000000
01000000
01000000
01000000
00000000
00000000
00000000
00000000

10000000
10000000
10000000
10000000
10000000
10000000
10000000
10000000

00000001
00000011
00000010
00000010
00000000
00000000
00000000
00000000

00001000
01111000
11000000
00000000
00000000
00000000
00000000
00000000

10000000
10000000
10000000
10000000
00000000
00000000
00000000
00000000

01100000
11000000
00000000
00000000
00000000
00000000
00000000
00000000

00000001
00000001
00000001
00000001
00000001
00000001
00000001
00000001

11000000
11000000
00000000
00000000
00000000
00000000
00000000
00000000

00000010
00111111
00000010
00000000
00000000
00000000
00000000
00000000

11111110
00000000
00000000
00000000
00000000
00000000
00000000
00000000

00011111
00010001
00000000
00000000
00000000
00000000
00000000
00000000

01000000
11110000
00010000
00000000
00000000
00000000
00000000
00000000

00001111
00000100
00000000
00000000
00000000
00000000
00000000
00000000

11110000
01011000
00000000
00000000
00000000
00000000
00000000
00000000

01000000
01100000
01000000
01100000
01000000
11000000
00000000
00000000

10000000
11110000
00100000
01100000
01000000
01100000
00000000
00000000

10100000
10100000
11100000
01000000
00000000
00000000
00000000
00000000

10000000
00000000
00000000
00000000
00000000
00000000
00000000
00000000

11110000
11110000
00000000
00000000
00000000
00000000
00000000
00000000

01000000
01000000
11000000
11100000
10100000
00000000
00000000
00000000

11000000
01000000
11000000
10000000
11000000
00000000
00000000
00000000

00010000
11110000
00000000
00000000
00000000
00000000
00000000
00000000

10000000
00000000
00000000
00000000
00000000
00000000
00000000
00000000

00100000
01100000
00000000
00000000
00000000
00000000
00000000
00000000

01000000
11000000
00000000
00000000
00000000
00000000
00000000
00000000

11100000
00100000
00000000
00000000
00000000
00000000
00000000
00000000

01100000
00100000
01100000
00100000
00100000
01100000
00000000
00000000

01000000
01100000
11000000
00000000
00000000
00000000
00000000
00000000

11110000
00000000
00000000
00000000
00000000
00000000
00000000
00000000

00000000
01100000
11000000
10000000
00000000
00000000
00000000
00000000
