11111111111111111111111111111111
11111111111111111111111111111111
11111111111111111111111111111111
11111111111111111111111111111111
11111111111111111111111111111111
11111111111111111111111111111111
11111111111111111111111111111111
11111111111111111111111111111111
11111111000000000000000011111111
11111111000000000000000011111111
11111111000000000000000011111111
11111111000000000000000011111111
11111111000000000000000011111111
11111111000000111100000011111111
11111111000001111110000011111111
11111111000001111110000011111111
11111111000001111110000011111111
11111111000001111110000011111111
11111111000000111100000011111111
11111111000000000000000011111111
11111111000000000000000011111111
11111111000000000000000011111111
11111111000000000000000011111111
11111111000000000000000011111111
11111111111111111111111111111111
11111111111111111111111111111111
11111111111111111111111111111111
11111111111111111111111111111111
11111111111111111111111111111111
11111111111111111111111111111111
11111111111111111111111111111111
11111111111111111111111111111111

61
10000000
00000000
00000000
00000000
00000000
00000000
00000000
00000000

11000000
01100000
00000000
00000000
00000000
00000000
00000000
00000000

11000000
01100000
00000000
00000000
00000000
00000000
00000000
00000000

11000000
01100000
00000000
00000000
00000000
00000000
00000000
00000000

00100000
00100000
00110000
00000000
00000000
00000000
00000000
00000000

01000000
11110000
00000000
00000000
00000000
00000000
00000000
00000000

00010000
00010000
00010000
00110000
00000000
00000000
00000000
00000000

00010000
00010000
00110000
00000000
00000000
00000000
00000000
00000000

10000000
10000000
10000000
11000000
00000000
00000000
00000000
00000000

00011000
01110000
00000000
00000000
00000000
00000000
00000000
00000000

01111100
00000000
00000000
00000000
00000000
00000000
00000000
00000000

01110000
00010000
00000000
00000000
00000000
00000000
00000000
00000000

00100000
00100000
00100000
00100000
01100000
00000000
00000000
00000000

00000000
11000000
01100000
00000000
00000000
00000000
00000000
00000000

01000000
01100000
01000000
01000000
11000000
00000000
00000000
00000000

10000000
11000000
10000000
00000000
00000000
00000000
00000000
00000000

01100000
11000000
00000000
00000000
00000000
00000000
00000000
00000000

00111100
00100000
00000000
00000000
00000000
00000000
00000000
00000000

01000000
11000000
01000000
00000000
00000000
00000000
00000000
00000000

11000000
11000000
00000000
00000000
00000000
00000000
00000000
00000000

01000000
01100000
01000000
00000000
00000000
00000000
00000000
00000000

00110000
01100000
00000000
00000000
00000000
00000000
00000000
00000000

11000000
01000000
01100000
00000000
00000000
00000000
00000000
00000000

00001000
00001100
00000100
00000000
00000000
00000000
00000000
00000000

01000000
01000000
01000000
01100000
01000000
00000000
00000000
00000000

00110000
01111000
00000000
00000000
00000000
00000000
00000000
00000000

00000111
00000001
00000000
00000000
00000000
00000000
00000000
00000000

01000000
01000000
01000000
01000000
01000000
01000000
01100000
00000000

11100000
10000000
00000000
00000000
00000000
00000000
00000000
00000000

00001000
00001000
00001100
00001000
00000000
00000000
00000000
00000000

00010000
00110000
00010000
00010000
00000000
00000000
00000000
00000000

01000000
01000000
11000000
01000000
00000000
00000000
00000000
00000000

00010000
00010000
00111000
00000000
00000000
00000000
00000000
00000000

00000010
00000011
00000001
00000000
00000000
00000000
00000000
00000000

11000000
10000000
10000000
00000000
00000000
00000000
00000000
00000000

00010000
00011100
00000100
00000000
00000000
00000000
00000000
00000000

01100000
01100000
00000000
00000000
00000000
00000000
00000000
00000000

00100000
11100000
00000000
00000000
00000000
00000000
00000000
00000000

01000000
01100000
00100000
00100000
00110000
00000000
00000000
00000000

00000000
10000000
11000000
01000000
00000000
00000000
00000000
00000000

01000000
01000000
01000000
01000000
01000000
01000000
01000000
01000000

00011100
00000100
00000100
00000000
00000000
00000000
00000000
00000000

00100000
11100000
10000000
00000000
00000000
00000000
00000000
00000000

01000000
01000000
01100000
01000000
00000000
00000000
00000000
00000000

00000000
00000000
10000000
10000000
10000000
00000000
00000000
00000000

00000100
00001100
00011000
00000000
00000000
00000000
00000000
00000000

11000000
10000000
10000000
10000000
00000000
00000000
00000000
00000000

00110000
00010000
00011000
00000000
00000000
00000000
00000000
00000000

00010000
00111000
00001000
00000000
00000000
00000000
00000000
00000000

00111100
00100000
00000000
00000000
00000000
00000000
00000000
00000000

00100000
01100000
01000000
00000000
00000000
00000000
00000000
00000000

00000000
00000000
10000000
10000000
11000000
01000000
00000000
00000000

00000000
00000000
01000000
11000000
10000000
10000000
10000000
10000000

00100000
01100000
01000000
00000000
00000000
00000000
00000000
00000000

01000000
11100000
00000000
00000000
00000000
00000000
00000000
00000000

11100000
10100000
00000000
00000000
00000000
00000000
00000000
00000000

00001000
00001000
00011000
00000000
00000000
00000000
00000000
00000000

01100000
11000000
00000000
00000000
00000000
00000000
00000000
00000000

01000000
11000000
01000000
00000000
00000000
00000000
00000000
00000000

00000000
00000000
00000100
00000100
00001100
00000000
00000000
00000000

00001000
00001000
00001000
00000000
00000000
00000000
00000000
00000000
