00000000000000000000000000000000
00000000000001100000000000000000
00000000000011110000000000000000
00000000000111100000000000000000
00000000000111000000000000000000
00000000001111011100000000000000
00110011111111111100001111000000
00111111111111111100000011110000
00011111111111100000000001111000
00001100011110000000000000111100
00000000111100000000000000111110
00000000111000000000000001111110
00000001111000000000000110011100
00000001110000000000001000000000
00000011110000000000010000000000
00000111100000000000100000000000
00000111000000000001000000000000
00001111000000000011000000000000
00011110000000000110000000000000
00111100000000000110000000000000
01111000000000001110000000000000
01110000000000001100000000000000
00000000000011111100000000000000
00000000011111111111110000000000
00000000011111000000111100000000
00000000111000001100011110000000
00000000110000011100001111100000
00000000110000111000000011110000
00000000111000110000000011110000
00000000011111100000000001100000
00000000001111100000000000000000
00000000000000000000000000000000

115
11000000
10000000
10000000
00000000
00000000
00000000
00000000
00000000

11000000
10000000
10000000
00000000
00000000
00000000
00000000
00000000

00000010
00000111
00000000
00000000
00000000
00000000
00000000
00000000

00000110
00011100
00000000
00000000
00000000
00000000
00000000
00000000

00110000
00111000
00011000
00000000
00000000
00000000
00000000
00000000

01100000
00100000
00110000
00000000
00000000
00000000
00000000
00000000

10000000
11000000
01100000
00111000
00001000
00000000
00000000
00000000

00000011
00000010
00000010
00000010
00000011
00000001
00000000
00000000

01100000
11000000
10000000
00000000
00000000
00000000
00000000
00000000

01100000
11000000
00000000
00000000
00000000
00000000
00000000
00000000

01100000
00110000
00010000
00000000
00000000
00000000
00000000
00000000

00001101
00000111
00000001
00000000
00000000
00000000
00000000
00000000

11100000
01000000
00000000
00000000
00000000
00000000
00000000
00000000

11000000
01100000
00110000
00000000
00000000
00000000
00000000
00000000

00000000
00000000
00000000
00000000
11000000
01000000
01000000
11000000

11000000
01000000
01000000
01000000
01100000
00100000
00000000
00000000

00110000
01100000
11000000
00000000
00000000
00000000
00000000
00000000

00010000
00010000
00010000
00010000
00110000
11110000
00000000
00000000

10000000
00000000
00000000
00000000
00000000
00000000
00000000
00000000

10000000
10000000
10000000
10000000
10000000
00000000
00000000
00000000

00011100
00000111
00000001
00000000
00000000
00000000
00000000
00000000

00000000
00000110
00001100
00001000
00001000
00001100
00000110
00000010

00000001
00000011
00000010
00000010
00000000
00000000
00000000
00000000

00000100
00000110
00000011
00000001
00000001
00000000
00000000
00000000

00011000
00010000
00110000
00100000
00100000
01100000
01100000
00000000

00100000
00100000
01100000
01000000
11000000
00000000
00000000
00000000

11000000
01000000
01100000
00111100
00000000
00000000
00000000
00000000

00000000
00000000
00000000
00000000
00000000
00000000
11100000
01000000

10000000
10000000
11000000
01100000
00000000
00000000
00000000
00000000

10000000
11000000
01100000
00100000
00000000
00000000
00000000
00000000

00000010
00000110
00000010
00000010
00000010
00000110
00000000
00000000

10000000
11000000
01000000
01000000
01000000
00000000
00000000
00000000

11010000
01110000
00000000
00000000
00000000
00000000
00000000
00000000

11100000
10000000
00000000
00000000
00000000
00000000
00000000
00000000

00100000
00110000
01100000
11000000
00000000
00000000
00000000
00000000

01100000
00100000
00100000
00100000
00100000
00100000
11100000
10000000

11000000
10000000
10000000
10000000
10000000
11000000
01000000
01000000

00011000
11110000
10000000
00000000
00000000
00000000
00000000
00000000

10000000
10000000
11100000
00100000
00000000
00000000
00000000
00000000

00110000
01100000
11000000
10000000
00000000
00000000
00000000
00000000

00000110
00011100
00110000
01100000
11000000
00000000
00000000
00000000

00000010
00000010
00000110
00000100
00011100
00011000
00010000
00000000

11000000
10000000
11110000
00010000
00000000
00000000
00000000
00000000

00000100
00001100
00011100
01110000
01000000
11000000
00000000
00000000

00010000
00110000
01110000
01100000
11000000
00000000
00000000
00000000

00100000
01100000
11000000
00000000
00000000
00000000
00000000
00000000

10000000
11111111
00000000
00000000
00000000
00000000
00000000
00000000

11100000
01111000
00000000
00000000
00000000
00000000
00000000
00000000

10000000
10000000
11000000
10000000
10000000
00000000
00000000
00000000

10000011
11111111
00000000
00000000
00000000
00000000
00000000
00000000

11100000
00100000
00100000
00100000
00100000
00100000
00110000
00110000

00000000
00000000
00000000
00000000
00000111
00001110
00001100
00001100

10000000
11100000
11100000
10000000
10000000
10000000
00000000
00000000

11000000
01111000
00000000
00000000
00000000
00000000
00000000
00000000

00100000
00111110
00000000
00000000
00000000
00000000
00000000
00000000

10000000
11000000
01100000
00110000
00010000
00000000
00000000
00000000

11000000
01100000
00110000
00010000
00000000
00000000
00000000
00000000

11000000
11100000
01100000
00000000
00000000
00000000
00000000
00000000

01000000
11100000
00000000
00000000
00000000
00000000
00000000
00000000

10000000
10000000
10000000
10000000
10000000
10000000
10000000
11110000

11100000
01100000
01100000
01100000
01100000
00000000
00000000
00000000

11000000
11100000
00100000
00110000
00000000
00000000
00000000
00000000

00010000
00010000
11110000
10000000
10000000
00000000
00000000
00000000

00000001
00000001
00000001
00000011
00000011
00000000
00000000
00000000

10000000
10000000
11000000
00000000
00000000
00000000
00000000
00000000

11000000
11000000
11000000
11000000
10000000
00000000
00000000
00000000

11000000
11000000
11000000
10000000
00000000
00000000
00000000
00000000

00000100
11000100
01111100
00000000
00000000
00000000
00000000
00000000

11000000
01000000
01000000
00000000
00000000
00000000
00000000
00000000

11000000
01000000
01000000
01000000
01000000
01000000
00000000
00000000

11111100
00000100
00000110
00000000
00000000
00000000
00000000
00000000

11000000
01000000
01000000
01000000
00000000
00000000
00000000
00000000

10000000
10000000
10000000
11000000
00000000
00000000
00000000
00000000

11000000
11100000
11000000
10000000
10000000
00000000
00000000
00000000

01100000
01100000
11000000
00000000
00000000
00000000
00000000
00000000

11111000
00000000
00000000
00000000
00000000
00000000
00000000
00000000

10000000
11111110
00000000
00000000
00000000
00000000
00000000
00000000

01111111
00000000
00000000
00000000
00000000
00000000
00000000
00000000

11111000
10000000
00000000
00000000
00000000
00000000
00000000
00000000

00100000
01100000
11000000
10000000
10000000
00000000
00000000
00000000

11000000
11000000
10000000
10000000
00000000
00000000
00000000
00000000

01000000
01100000
11000000
11000000
01000000
00000000
00000000
00000000

11111000
00011000
00001000
00000000
00000000
00000000
00000000
00000000

11101000
00111000
00000000
00000000
00000000
00000000
00000000
00000000

01000000
01000000
01000000
11000000
00000000
00000000
00000000
00000000

00010000
00010000
00011111
00000000
00000000
00000000
00000000
00000000

11000000
11111110
00000000
00000000
00000000
00000000
00000000
00000000

10000000
11111110
00000000
00000000
00000000
00000000
00000000
00000000

11000000
01000000
01000000
01000000
01000000
00000000
00000000
00000000

10000000
11000000
11000000
01000000
00000000
00000000
00000000
00000000

11000000
10000000
10000000
10000000
10000000
10000000
00000000
00000000

00110000
01100000
11000000
00000000
00000000
00000000
00000000
00000000

00010000
00111000
11100000
11000000
00000000
00000000
00000000
00000000

01000000
11100000
01000000
01000000
00000000
00000000
00000000
00000000

00000010
00001111
00001111
00000000
00000000
00000000
00000000
00000000

00111110
11101100
00000000
00000000
00000000
00000000
00000000
00000000

01000000
01000000
01000000
01000000
01000000
01100000
01100000
00000000

01000000
11000000
10000000
11100000
00110000
00000000
00000000
00000000

11000000
01000000
01000000
01000000
01000000
00000000
00000000
00000000

00000000
00000001
00000011
00000010
00000000
00000000
00000000
00000000

10000000
10000000
10000000
11100000
00111000
00000000
00000000
00000000

10000000
10000000
11100000
00111000
00001100
00000000
00000000
00000000

10000000
10000000
11000000
01100000
00100000
00100000
00110000
00010000

10000000
11000000
01100000
00100000
00000000
00000000
00000000
00000000

01000000
11100000
00110000
00010000
00000000
00000000
00000000
00000000

11001110
01111011
00000001
00000000
00000000
00000000
00000000
00000000

11110000
11110000
00000000
00000000
00000000
00000000
00000000
00000000

10000000
10000000
11000000
01000000
00000000
00000000
00000000
00000000

11111111
01000010
00000000
00000000
00000000
00000000
00000000
00000000

10000000
11110000
00010000
00000000
00000000
00000000
00000000
00000000

10000000
11000000
10000000
00000000
00000000
00000000
00000000
00000000

01111000
00001000
00001000
00000000
00000000
00000000
00000000
00000000

10000000
11000000
01000000
00000000
00000000
00000000
00000000
00000000

10000000
10000000
10000000
11000000
00000000
00000000
00000000
00000000

00000001
00000001
00000001
00000001
00000000
00000000
00000000
00000000
