01000101001111111111111111111111
00001100011111111111111111111111
00101001011111111111111111111111
00111010001111111111111111111111
10110100101111111111111111111111
00100000011111111111111111111111
00000100001111111111111111111111
10000100011111111111111111111111
00010001001111111111111111111111
01010101011111111111111111111111
11111111111111111111111111111111
11111111111111111111111111111111
11111111111111111111111111111111
11111111111111111111111111111111
11111111111111111111111111111111
11111111111111111111111111111111
11111111111111111111111111111111
11111111111111111111111111111111
11111111111111111111111111111111
11111111111111111111111111111111
11111111111111111111111111111111
11111111111111111111111111111111
11111111111111111111111111111111
11111111111111111111111111111111
11111111111111111111111111111111
11111111111111111111111111111111
11111111111111111111111111111111
11111111111111111111111111111111
11111111111111111111111111111111
11111111111111111111111111111111
11111111111111111111111111111111
11111111111111111111111111111111

20
01000000
11000000
00000000
00000000
00000000
00000000
00000000
00000000

00000000
01000000
11100000
11100000
00000000
00000000
00000000
00000000

00000000
00000000
00100000
00110000
00111000
00111100
00000000
00000000

00000000
01100000
01111000
00001000
00000000
00000000
00000000
00000000

00000000
00000000
00110000
00000000
00000000
00000000
00000000
00000000

11110000
00011000
00000000
00000000
00000000
00000000
00000000
00000000

00000000
01110000
01010000
01000000
00000000
00000000
00000000
00000000

00000000
01000000
00000000
00000000
00000000
00000000
00000000
00000000

00000000
00000000
00110000
01110000
01100000
00000000
00000000
00000000

00000000
00000000
00000000
00001000
00011100
00001000
00000000
00000000

00000000
00000000
00000000
00000000
01110000
00010000
00010000
00000000

00000000
00000000
00000000
00001000
00011100
00111000
00000000
00000000

00000000
00000000
00000000
00000000
01110000
00010000
00111100
00000000

00000000
00000000
00000000
00110000
00111000
00011000
00000000
00000000

00000000
00000000
00000000
00111000
00011100
00111000
00000000
00000000

00000000
00000000
01000000
01000000
01110000
00010000
00111100
00000000

00000000
00010000
00010000
00110000
00111000
00011000
00000000
00000000

00000000
00000000
00000000
00100000
00110000
00000000
00000000
00000000

00000000
00000000
00000000
00001000
00111000
00010000
00111100
00000000

00000000
00000000
00000000
00111100
01111000
00011000
00000000
00000000