01000101000111111111111111111111
00001100010111111111111111111111
00101001011111111111111111111111
00101010000111111111111111111111
10110100100111111111111111111111
00100010011111111111111111111111
00010100001111111111111111111111
10000100010111111111111111111111
00010001000111111111111111111111
01010101010111111111111111111111
00110011000111111111111111111111
11111111111111111111111111111111
11111111111111111111111111111111
11111111111111111111111111111111
11111111111111111111111111111111
11111111111111111111111111111111
11111111111111111111111111111111
11111111111111111111111111111111
11111111111111111111111111111111
11111111111111111111111111111111
11111111111111111111111111111111
11111111111111111111111111111111
11111111111111111111111111111111
11111111111111111111111111111111
11111111111111111111111111111111
11111111111111111111111111111111
11111111111111111111111111111111
11111111111111111111111111111111
11111111111111111111111111111111
11111111111111111111111111111111
11111111111111111111111111111111
11111111111111111111111111111111

25
01000000
11000000
00000000
00000000
00000000
00000000
00000000
00000000

00000000
01000000
11100000
11100000
00000000
00000000
00000000
00000000

00000000
00000000
00100000
00110000
00111000
00111100
00000000
00000000

00000000
01100000
01111000
00001000
00000000
00000000
00000000
00000000

00000000
00000000
00110000
00000000
00000000
00000000
00000000
00000000

11110000
00011000
00000000
00000000
00000000
00000000
00000000
00000000

00000000
01110000
01010000
01000000
00000000
00000000
00000000
00000000

00000000
01000000
00000000
00000000
00000000
00000000
00000000
00000000

00000000
00000000
00110000
01110000
01100000
00000000
00000000
00000000

00000000
00000000
00000000
00001000
00011100
00001000
00000000
00000000

00000000
00000000
00000000
00000000
01110000
00010000
00010000
00000000

00000000
00000000
00000000
00001000
00011100
00111000
00000000
00000000

00000000
00000000
00000000
00000000
01110000
00010000
00111100
00000000

00000000
00000000
00000000
00110000
00111000
00011000
00000000
00000000

00000000
00000000
00000000
00111000
00011100
00111000
00000000
00000000

00000000
00000000
01000000
01000000
01110000
00010000
00111100
00000000

00000000
00010000
00010000
00110000
00111000
00011000
00000000
00000000

00000000
00000000
00000000
00100000
00111000
00100000
00111000
00000000

00000000
00000000
00000000
00001000
00111000
00010000
00111100
00000000

00000000
00000000
00000000
00111100
01111000
00011000
00000000
00000000

00000000
00000000
00000000
00000000
00000000
00011000
00111100
00000000

00000000
00000000
00000000
00010000
00111000
00001000
00000000
00000000

00000000
01000000
11100000
10100000
10110000
00000000
00000000
00000000

00000000
00000000
00101000
00101000
00101000
00111000
00000000
00000000

00000000
00000000
00000000
00111100
00011000
00011000
00000000
00000000