0 0 10 10
01000101000111111111111111111111000011000101111111111111111111110010100101111111
11111111111111110010101000011111111111111111111110110100100111111111111111111111
00100010011111111111111111111111000101000011111111111111111111111000010001011111
11111111111111110001000100011111111111111111111101010101010111111111111111111111
00110011000111111111111111111111111111111111111111111111111111111111111111111111
11111111111111111111111111111111111111111111111111111111111111111111111111111111
11111111111111111111111111111111111111111111111111111111111111111111111111111111
11111111111111111111111111111111111111111111111111111111111111111111111111111111
11111111111111111111111111111111111111111111111111111111111111111111111111111111
11111111111111111111111111111111111111111111111111111111111111111111111111111111
11111111111111111111111111111111111111111111111111111111111111111111111111111111
11111111111111111111111111111111111111111111111111111111111111111111111111111111
1111111111111111111111111111111111111111111111111111111111111111
25
0100000011000000000000000000000000000000000000000000000000000000
0000000001000000111000001110000000000000000000000000000000000000
0000000000000000001000000011000000111000001111000000000000000000
0000000001100000011110000000100000000000000000000000000000000000
0000000000000000001100000000000000000000000000000000000000000000
1111000000011000000000000000000000000000000000000000000000000000
0000000001110000010100000100000000000000000000000000000000000000
0000000001000000000000000000000000000000000000000000000000000000
0000000000000000001100000111000001100000000000000000000000000000
0000000000000000000000000000100000011100000010000000000000000000
0000000000000000000000000000000001110000000100000001000000000000
0000000000000000000000000000100000011100001110000000000000000000
0000000000000000000000000000000001110000000100000011110000000000
0000000000000000000000000011000000111000000110000000000000000000
0000000000000000000000000011100000011100001110000000000000000000
0000000000000000010000000100000001110000000100000011110000000000
0000000000010000000100000011000000111000000110000000000000000000
0000000000000000000000000010000000111000001000000011100000000000
0000000000000000000000000000100000111000000100000011110000000000
0000000000000000000000000011110001111000000110000000000000000000
0000000000000000000000000000000000000000000110000011110000000000
0000000000000000000000000001000000111000000010000000000000000000
0000000001000000111000001010000010110000000000000000000000000000
0000000000000000001010000010100000101000001110000000000000000000
0000000000000000000000000011110000011000000110000000000000000000