0 0 4 4
10001111111111111111111111111111000001111111111111111111111111110010011111111111
11111111111111110110011111111111111111111111111100001111111111111111111111111111
11111111111111111111111111111111111111111111111111111111111111111111111111111111
11111111111111111111111111111111111111111111111111111111111111111111111111111111
11111111111111111111111111111111111111111111111111111111111111111111111111111111
11111111111111111111111111111111111111111111111111111111111111111111111111111111
11111111111111111111111111111111111111111111111111111111111111111111111111111111
11111111111111111111111111111111111111111111111111111111111111111111111111111111
11111111111111111111111111111111111111111111111111111111111111111111111111111111
11111111111111111111111111111111111111111111111111111111111111111111111111111111
11111111111111111111111111111111111111111111111111111111111111111111111111111111
11111111111111111111111111111111111111111111111111111111111111111111111111111111
1111111111111111111111111111111111111111111111111111111111111111
10
0100000011000000000000000000000000000000000000000000000000000000
0000000001000000110000001100000000000000000000000000000000000000
0000000000000000001000000011000000111000001111000000000000000000
0000000001100000011000000000000000000000000000000000000000000000
0000000000000000001100000000000000000000000000000000000000000000
1111000000011000000000000000000000000000000000000000000000000000
0000000001110000010100000100000000000000000000000000000000000000
0000000001000000000000000000000000000000000000000000000000000000
0000000000000000001100000111000001100000000000000000000000000000
0000000000000000000000000000100000011100000010000000000000000000