10001111111111111111111111111111
00000111111111111111111111111111
00100111111111111111111111111111
01100111111111111111111111111111
00001111111111111111111111111111
11111111111111111111111111111111
11111111111111111111111111111111
11111111111111111111111111111111
11111111111111111111111111111111
11111111111111111111111111111111
11111111111111111111111111111111
11111111111111111111111111111111
11111111111111111111111111111111
11111111111111111111111111111111
11111111111111111111111111111111
11111111111111111111111111111111
11111111111111111111111111111111
11111111111111111111111111111111
11111111111111111111111111111111
11111111111111111111111111111111
11111111111111111111111111111111
11111111111111111111111111111111
11111111111111111111111111111111
11111111111111111111111111111111
11111111111111111111111111111111
11111111111111111111111111111111
11111111111111111111111111111111
11111111111111111111111111111111
11111111111111111111111111111111
11111111111111111111111111111111
11111111111111111111111111111111
11111111111111111111111111111111

10
01000000
11000000
00000000
00000000
00000000
00000000
00000000
00000000

00000000
01000000
11000000
11000000
00000000
00000000
00000000
00000000

00000000
00000000
00100000
00110000
00111000
00111100
00000000
00000000

00000000
01100000
01100000
00000000
00000000
00000000
00000000
00000000

00000000
00000000
00110000
00000000
00000000
00000000
00000000
00000000

11110000
00011000
00000000
00000000
00000000
00000000
00000000
00000000

00000000
01110000
01010000
01000000
00000000
00000000
00000000
00000000

00000000
01000000
00000000
00000000
00000000
00000000
00000000
00000000

00000000
00000000
00110000
01110000
01100000
00000000
00000000
00000000

00000000
00000000
00000000
00001000
00011100
00001000
00000000
00000000