0 0 5 5
11100011111111111111111111111111000000111111111111111111111111110000101111111111
11111111111111110111001111111111111111111111111100011011111111111111111111111111
00000011111111111111111111111111111111111111111111111111111111111111111111111111
11111111111111111111111111111111111111111111111111111111111111111111111111111111
11111111111111111111111111111111111111111111111111111111111111111111111111111111
11111111111111111111111111111111111111111111111111111111111111111111111111111111
11111111111111111111111111111111111111111111111111111111111111111111111111111111
11111111111111111111111111111111111111111111111111111111111111111111111111111111
11111111111111111111111111111111111111111111111111111111111111111111111111111111
11111111111111111111111111111111111111111111111111111111111111111111111111111111
11111111111111111111111111111111111111111111111111111111111111111111111111111111
11111111111111111111111111111111111111111111111111111111111111111111111111111111
1111111111111111111111111111111111111111111111111111111111111111
12
0100000011000000000000000000000000000000000000000000000000000000
0000000001000000111000001110000000000000000000000000000000000000
0000000000000000001000000011000000111000001111000000000000000000
0000000001100000011110000000100000000000000000000000000000000000
0000000000000000001100000000000000000000000000000000000000000000
1111000000011000000000000000000000000000000000000000000000000000
0000000001110000010100000100000000000000000000000000000000000000
0000000001000000000000000000000000000000000000000000000000000000
0000000000000000001100000111000001100000000000000000000000000000
0000000000000000000000000000100000011100000010000000000000000000
0000000000000000000000000000000001110000000100000001000000000000
0000000000000000000000000000100000011100001110000000000000000000