0 0 7 7
11100000111111111111111111111111000011001111111111111111111111110010100111111111
11111111111111110110100111111111111111111111111110110100111111111111111111111111
00100000111111111111111111111111010001001111111111111111111111110000010011111111
11111111111111111111111111111111111111111111111111111111111111111111111111111111
11111111111111111111111111111111111111111111111111111111111111111111111111111111
11111111111111111111111111111111111111111111111111111111111111111111111111111111
11111111111111111111111111111111111111111111111111111111111111111111111111111111
11111111111111111111111111111111111111111111111111111111111111111111111111111111
11111111111111111111111111111111111111111111111111111111111111111111111111111111
11111111111111111111111111111111111111111111111111111111111111111111111111111111
11111111111111111111111111111111111111111111111111111111111111111111111111111111
11111111111111111111111111111111111111111111111111111111111111111111111111111111
1111111111111111111111111111111111111111111111111111111111111111
17
0100000011000000000000000000000000000000000000000000000000000000
0000000001000000111000001110000000000000000000000000000000000000
0000000000000000001000000011000000111000001111000000000000000000
0000000001100000011110000000100000000000000000000000000000000000
0000000000000000001100000000000000000000000000000000000000000000
1111000000011000000000000000000000000000000000000000000000000000
0000000001110000010100000100000000000000000000000000000000000000
0000000001000000000000000000000000000000000000000000000000000000
0000000000000000001100000111000001100000000000000000000000000000
0000000000000000000000000000100000011100000010000000000000000000
0000000000000000000000000000000001110000000100000001000000000000
0000000000000000000000000000100000011100001110000000000000000000
0000000000000000000000000000000001110000000100000011110000000000
0000000000000000000000000011000000111000000110000000000000000000
0000000000000000000000000011100000011100001110000000000000000000
0000000000000000010000000100000001110000000100000011110000000000
0000000000010000000100000011000000111000000110000000000000000000