12 12 19 19
11111111111111111111111111111111111111111111111111111111111111111111111111111111
11111111111111111111111111111111111111111111111111111111111111111111111111111111
11111111111111111111111111111111111111111111111111111111111111111111111111111111
11111111111111111111111111111111111111111111111111111111111111111111111111111111
11111111111111111111111111111111111111111111111111111111111111111111111111110100
01001111111111111111111111110011001011111111111111111111111100001010111111111111
11111111111101100110111111111111111111111111010010001111111111111111111111111010
01101111111111111111111111110000010011111111111111111111111110101000111111111111
11111111111111111111111111111111111111111111111111111111111111111111111111111111
11111111111111111111111111111111111111111111111111111111111111111111111111111111
11111111111111111111111111111111111111111111111111111111111111111111111111111111
11111111111111111111111111111111111111111111111111111111111111111111111111111111
1111111111111111111111111111111111111111111111111111111111111111
8
0100000011000000000000000000000000000000000000000000000000000000
0000000001000000111000001110000000000000000000000000000000000000
0000000000000000001000000011000000111000001111000000000000000000
0000000001100000011110000000100000000000000000000000000000000000
0000000000000000001100000000000000000000000000000000000000000000
1111000000011000000000000000000000000000000000000000000000000000
0000000001110000010100000100000000000000000000000000000000000000
0000000001000000000000000000000000000000000000000000000000000000