5 5 26 26
11111111111111111111111111111111111111111111111111111111111111111111111111111111
11111111111111111111111111111111111111111111111111111111111111111111111111111111
11111100000010000111000111011111111110111000001001010000100111111111101001111100
10011110001111111111100010100100001101000101111111111100000000001010000100011111
11111011010101010001001000111111111110010100100101100100010111111111110010011100
11000011000111111111110100001001000100001101111111111000011001000100010110011111
11111110100011100010100100011111111110101010100010010100110111111111100100010010
00100101001111111111110011101001010010001001111111111001001000110000000000011111
11111100000001000001000100111111111111110111011101000110010111111111101100001000
00110000100111111111100101110111010001001101111111111010001000001000001000011111
11111001000011000111101010011111111111000000000111100000011111111111111111111111
11111111111111111111111111111111111111111111111111111111111111111111111111111111
1111111111111111111111111111111111111111111111111111111111111111
8
0100000011000000000000000000000000000000000000000000000000000000
0000000001000000111000001110000000000000000000000000000000000000
0000000000000000001000000011000000111000001111000000000000000000
0000000001100000011110000000100000000000000000000000000000000000
0000000000000000001100000000000000000000000000000000000000000000
1111000000011000000000000000000000000000000000000000000000000000
0000000001110000010100000100000000000000000000000000000000000000
0000000001000000000000000000000000000000000000000000000000000000