8 8 23 23
11111111111111111111111111111111111111111111111111111111111111111111111111111111
11111111111111111111111111111111111111111111111111111111111111111111111111111111
11111111111111111111111111111111111111111111111111111111111111111111111111111111
11111111111111111111111110010100001101001111111111111111000001001010000111111111
11111111010100010001001011111111111111110111010101100100111111111111111110001100
11000011111111111111111100001001000100001111111111111111011001000100010111111111
11111111100011100011001111111111111111111010100010011100111111111111111100010010
10100101111111111111111111101110010010001111111111111111001000110000000011111111
11111111000001000001000111111111111111110111011100100111111111111111111100100100
00110000111111111111111101110111000101001111111111111111111111111111111111111111
11111111111111111111111111111111111111111111111111111111111111111111111111111111
11111111111111111111111111111111111111111111111111111111111111111111111111111111
1111111111111111111111111111111111111111111111111111111111111111
8
0100000011000000000000000000000000000000000000000000000000000000
0000000001000000111000001110000000000000000000000000000000000000
0000000000000000001000000011000000111000001111000000000000000000
0000000001100000011110000000100000000000000000000000000000000000
0000000000000000001100000000000000000000000000000000000000000000
1111000000011000000000000000000000000000000000000000000000000000
0000000001110000010100000100000000000000000000000000000000000000
0000000001000000000000000000000000000000000000000000000000000000