11111111111111111111111111111111
11111111111111111111111111111111
11111111111111111111111111111111
11111111111111111111111111111111
11111111111111111111111111111111
11111111111111111111111111111111
11111111111111111111111111111111
11111111111111111111111111111111
11111111111111111111111111111111
11111111111111111111111111111111
11111111111111111111111111111111
11111111111111111111111111111111
11111111111101000100111111111111
11111111111100110010111111111111
11111111111100001010111111111111
11111111111101100110111111111111
11111111111101001000111111111111
11111111111110100110111111111111
11111111111100000100111111111111
11111111111110101000111111111111
11111111111111111111111111111111
11111111111111111111111111111111
11111111111111111111111111111111
11111111111111111111111111111111
11111111111111111111111111111111
11111111111111111111111111111111
11111111111111111111111111111111
11111111111111111111111111111111
11111111111111111111111111111111
11111111111111111111111111111111
11111111111111111111111111111111
11111111111111111111111111111111

8
01000000
11000000
00000000
00000000
00000000
00000000
00000000
00000000

00000000
01000000
11100000
11100000
00000000
00000000
00000000
00000000

00000000
00000000
00100000
00110000
00111000
00111100
00000000
00000000

00000000
01100000
01111000
00001000
00000000
00000000
00000000
00000000

00000000
00000000
00110000
00000000
00000000
00000000
00000000
00000000

11110000
00011000
00000000
00000000
00000000
00000000
00000000
00000000

00000000
01110000
01010000
01000000
00000000
00000000
00000000
00000000

00000000
01000000
00000000
00000000
00000000
00000000
00000000
00000000
