11111111111111111111111111111111
11111111111111111111111111111111
11111111111111111111111111111111
11111111111111111111111111111111
11111111111111111111111111111111
11111111111111111111111111111111
11111111111111111111111111111111
11111111111111111111111111111111
11111111100101000011010011111111
11111111000001001010000111111111
11111111010100010001001011111111
11111111011101010110010011111111
11111111100011001100001111111111
11111111000010010001000011111111
11111111011001000100010111111111
11111111100011100011001111111111
11111111101010001001110011111111
11111111000100101010010111111111
11111111111011100100100011111111
11111111001000110000000011111111
11111111000001000001000111111111
11111111011101110010011111111111
11111111001001000011000011111111
11111111011101110001010011111111
11111111111111111111111111111111
11111111111111111111111111111111
11111111111111111111111111111111
11111111111111111111111111111111
11111111111111111111111111111111
11111111111111111111111111111111
11111111111111111111111111111111
11111111111111111111111111111111

8
01000000
11000000
00000000
00000000
00000000
00000000
00000000
00000000

00000000
01000000
11100000
11100000
00000000
00000000
00000000
00000000

00000000
00000000
00100000
00110000
00111000
00111100
00000000
00000000

00000000
01100000
01111000
00001000
00000000
00000000
00000000
00000000

00000000
00000000
00110000
00000000
00000000
00000000
00000000
00000000

11110000
00011000
00000000
00000000
00000000
00000000
00000000
00000000

00000000
01110000
01010000
01000000
00000000
00000000
00000000
00000000

00000000
01000000
00000000
00000000
00000000
00000000
00000000
00000000
