11111111111111111111111111111111
11111111111111111111111111111111
11111111111111111111111111111111
11111111111111111111111111111111
11111111111111111111111111111111
11111100000010000111000111011111
11111011100000100101000010011111
11111010011111001001111000111111
11111000101001000011010001011111
11111100000000001010000100011111
11111011010101010001001000111111
11111001010010010110010001011111
11111100100111001100001100011111
11111101000010010001000011011111
11111000011001000100010110011111
11111110100011100010100100011111
11111010101010001001010011011111
11111001000100100010010100111111
11111100111010010100100010011111
11111001001000110000000000011111
11111100000001000001000100111111
11111111011101110100011001011111
11111011000010000011000010011111
11111001011101110100010011011111
11111010001000001000001000011111
11111001000011000111101010011111
11111100000000011110000001111111
11111111111111111111111111111111
11111111111111111111111111111111
11111111111111111111111111111111
11111111111111111111111111111111
11111111111111111111111111111111

8
01000000
11000000
00000000
00000000
00000000
00000000
00000000
00000000

00000000
01000000
11100000
11100000
00000000
00000000
00000000
00000000

00000000
00000000
00100000
00110000
00111000
00111100
00000000
00000000

00000000
01100000
01111000
00001000
00000000
00000000
00000000
00000000

00000000
00000000
00110000
00000000
00000000
00000000
00000000
00000000

11110000
00011000
00000000
00000000
00000000
00000000
00000000
00000000

00000000
01110000
01010000
01000000
00000000
00000000
00000000
00000000

00000000
01000000
00000000
00000000
00000000
00000000
00000000
00000000
