00101001000011001000001000110110
01001101101000000000010101110000
00001001101101110001000001000110
10101011000100110111111111110000
10100001111110110000110001000101
10001100000010000111000111010111
11010011100000100101000010010000
10011010011111001001111000110101
10100000101001000011010001000101
00111100000000001010000100010101
10011011010101010001001000100011
00000001010010010110010001010011
01101100100111001100001100000000
01101101000010010001000011010000
00101000011001000100010110000001
10101110100011100010100100000011
10111010101010001001010011010000
10000001000100100010010100110001
11100100111010010100100010010011
10000001001000110000000000011011
10001100000001000001000100100000
00000011011101110100011001000011
10000011000010000011000010001001
10100001011101110100010011000000
00101010001000001000001000000111
10000001000011000111101010010111
11101100000010010010000001000000
10000001110000110001000111000010
00000010000101100110000001101100
10100110110000100111011100000011
00010000000100001100010000010001
01111010110001100000111100000001

210
11000000
01111000
00000000
00000000
00000000
00000000
00000000
00000000

11100000
01110000
00000000
00000000
00000000
00000000
00000000
00000000

11110000
00010000
00010000
00000000
00000000
00000000
00000000
00000000

11111000
00010000
00000000
00000000
00000000
00000000
00000000
00000000

11111000
00100000
00000000
00000000
00000000
00000000
00000000
00000000

11110000
01100000
00000000
00000000
00000000
00000000
00000000
00000000

11100000
01100000
00100000
00000000
00000000
00000000
00000000
00000000

11000000
01100000
00110000
00000000
00000000
00000000
00000000
00000000

11100000
00100000
01100000
00000000
00000000
00000000
00000000
00000000

11100000
00100000
00110000
00000000
00000000
00000000
00000000
00000000

11111110
00000000
00000000
00000000
00000000
00000000
00000000
00000000

11111100
00000100
00000000
00000000
00000000
00000000
00000000
00000000

11111100
00001000
00000000
00000000
00000000
00000000
00000000
00000000

11111100
00010000
00000000
00000000
00000000
00000000
00000000
00000000

11111000
00011000
00000000
00000000
00000000
00000000
00000000
00000000

11111000
00110000
00000000
00000000
00000000
00000000
00000000
00000000

11110000
01110000
00000000
00000000
00000000
00000000
00000000
00000000

11111000
00001000
00001000
00000000
00000000
00000000
00000000
00000000

11111000
00100000
00100000
00100000
00000000
00000000
00000000
00000000

11111110
00011000
00010000
00000000
00000000
00000000
00000000
00000000

11111111
00000001
00000111
00000000
00000000
00000000
00000000
00000000

11111110
11110000
00000000
00000000
00000000
00000000
00000000
00000000

11111110
00000100
00001110
00000000
00000000
00000000
00000000
00000000

11111110
00111000
00010000
00010000
00000000
00000000
00000000
00000000

11110000
11110000
01110000
00010000
00000000
00000000
00000000
00000000

11100000
11100000
11100000
00000000
00000000
00000000
00000000
00000000

11111110
11111110
00000000
00000000
00000000
00000000
00000000
00000000

11100000
00110000
00110000
01100000
00000000
00000000
00000000
00000000

11111110
00010010
00010010
00010010
00000000
00000000
00000000
00000000

11111100
00111111
00000000
00000000
00000000
00000000
00000000
00000000

11111110
01111000
00110000
00000000
00000000
00000000
00000000
00000000

11000000
01100000
00110000
00011000
00001100
00000110
00000011
00000001

11111110
10000000
10000000
10000000
10000000
10000000
10000000
00000000

11111110
00000011
00000001
00000000
00000000
00000000
00000000
00000000

11111110
00010000
00010000
00010000
00010000
00010000
00010000
00010000

11110000
00011000
00011000
00011110
00000000
00000000
00000000
00000000

11111110
00001110
00001110
00000000
00000000
00000000
00000000
00000000

11111000
00011100
00011100
00000100
00000000
00000000
00000000
00000000

00111110
01100000
00111100
00000000
00000000
00000000
00000000
00000000

11111110
00111000
00001000
00011000
00000000
00000000
00000000
00000000

11111110
00000110
00000110
00000110
00000000
00000000
00000000
00000000

11111111
01000010
01000010
00000000
00000000
00000000
00000000
00000000

00111110
00111111
00111110
00000000
00000000
00000000
00000000
00000000

11110000
01011000
01011000
00000000
00000000
00000000
00000000
00000000

11111100
00001100
00000100
00000100
00000000
00000000
00000000
00000000

11111111
11000000
01100000
00110000
00000000
00000000
00000000
00000000

11100000
00100000
00100000
00000000
00000000
00000000
00000000
00000000

00000000
00010000
01110000
00000000
00000000
00000000
00000000
00000000

00000000
00000000
00000000
00001100
00001000
00000000
00000000
00000000

00000000
00000000
00000000
00001111
00000011
00000000
00000000
00000000

00000000
00000000
11110000
00100000
00000000
00000000
00000000
00000000

00000000
00000000
00000000
00000000
00000000
01000000
11100000
00000000

00001111
00000010
00000111
00000000
00000000
00000000
00000000
00000000

01100000
00100000
00100000
00000000
00000000
00000000
00000000
00000000

00000000
00000000
00000000
00000000
00100000
01110000
00100000
00000000

00000100
00000100
00000100
00000100
00011100
00001000
00000000
00000000

00000000
00000000
00000000
00001000
01111000
00000000
00000000
00000000

00000000
00000000
00000000
00011000
00001000
00001110
00000000
00000000

00000000
01100000
00110000
00010000
00000000
00000000
00000000
00000000

00000000
00000000
00001100
00001100
00000000
00000000
00000000
00000000

00000111
00000110
00000010
00000110
00000000
00000000
00000000
00000000

00000000
00000000
00000000
00110000
01111000
00000000
00000000
00000000

00000000
00000000
11111111
00000000
00000000
00000000
00000000
00000000

00000000
00000000
00000000
00000000
00000000
00000110
00001100
00000000

00000000
00011100
00010100
00000000
00000000
00000000
00000000
00000000

00000000
00000000
00110000
00100000
01111100
00000000
00000000
00000000

01100000
00110000
01100000
00000000
00000000
00000000
00000000
00000000

00000000
00011100
00000100
00001100
00001000
00000000
00000000
00000000

00000000
00101000
00101000
00101000
01111000
00000000
00000000
00000000

00000000
00000000
00000100
00000111
00000100
00000000
00000000
00000000

00000000
00000000
00111100
00011100
00001100
00000000
00000000
00000000

00000000
00000000
00000000
00011100
00111000
00000000
00000000
00000000

00000000
00000000
00100000
00110000
01110000
00000000
00000000
00000000

00000000
00000000
00000000
00001000
00011000
00001100
00000000
00000000

00000000
00000000
00000000
00000000
00000000
00000000
00111000
00001000

00000000
00000000
00000100
00111100
00100000
00000000
00000000
00000000

00000000
00000000
00100000
00111100
00000100
00000000
00000000
00000000

00000000
00000000
00000000
00000000
00000100
00111100
00001000
00000000

00000000
00011100
00010100
00010100
00010100
00000000
00000000
00000000

00000000
00000000
01000000
01000000
01111100
00100000
01100000
00000000

00000000
00000000
00010000
00111100
00000110
00000010
00000000
00000000

00000000
00000000
00000000
00001000
00111000
00010000
00010000
00000000

00000000
00000000
00111100
00111100
00000000
00000000
00000000
00000000

00000000
00000000
00000000
00000000
00111100
00010100
00000000
00000000

00000000
00000000
00000000
00110000
00111000
00011000
00000000
00000000

00000000
00001000
00001000
00001000
01111000
00000000
00000000
00000000

00000000
00000000
00000000
00100000
00111000
00110000
00000000
00000000

00000000
00000000
00000000
00000000
10000000
11000000
10000000
00000000

00000000
00111100
00100000
00000000
00000000
00000000
00000000
00000000

00000000
00000000
00100000
01110000
00100000
00000000
00000000
00000000

00000000
00000000
00000000
00110000
00111000
00101000
00001000
00000000

00000000
00100000
01111000
00011000
00000000
00000000
00000000
00000000

00000000
00000000
00000000
00110000
00110000
01111000
00000000
00000000

00000000
00000000
01110000
00111110
00000000
00000000
00000000
00000000

10000000
11000000
01100000
00110000
00011000
00001100
00000110
00000011

00000000
00100000
00100000
11100000
01100000
00000000
00000000
00000000

00000000
10101000
11111000
00000000
00000000
00000000
00000000
00000000

00000000
00000000
11111111
01010101
00000000
00000000
00000000
00000000

00000000
00000000
01110000
11110000
00100000
00100000
00000000
00000000

00000000
00010000
00010000
00111000
00111000
00010000
00010000
00000000

00000000
00000000
00000000
01111100
01100000
00111000
00000000
00000000

00000000
00000000
00011000
00110000
00000000
00000000
00000000
00000000

00000000
01000000
01000000
01110000
00000000
00000000
00000000
00000000

00000000
00000000
11100000
00111100
00110000
00000000
00000000
00000000

00000000
00000000
00000000
00000000
00011000
00111000
00000000
00000000

00000000
01110000
00100000
01110000
00000000
00000000
00000000
00000000

00000000
00000000
00110000
00011100
00001000
00001100
00000000
00000000

00000000
00000000
00000000
10000000
11010000
01110000
00000000
00000000

00000000
00000000
01000000
01100000
01000000
00000000
00000000
00000000

00010000
00010000
00010000
00010000
00010000
00010000
00010000
00010000

00000000
00111100
00000100
00111100
00100000
00111100
00000000
00000000

00000000
00111100
00000100
00111100
00000100
00111100
00000000
00000000

00000000
00100100
00100100
00100100
00111100
00000100
00000100
00000000

00000000
00111100
00100000
00111100
00000100
00111100
00000000
00000000

00000000
00111100
00100000
00101100
00100100
00100100
00111100
00000000

00000000
00111100
00100100
00100100
00000100
00000100
00000100
00000000

00000000
01111110
01000010
01100110
01000010
01000010
00000000
00000000

00000000
00111100
00100100
00110100
00000100
00000100
00111100
00000000

00000000
00111100
00100100
00100100
00100100
00100100
00110100
00000000

00000000
00100000
00110000
00110000
00000000
00000000
00000000
00000000

00000000
00000000
00001000
00111000
00100000
00000000
00000000
00000000

00000000
01000000
01011000
01111000
00000000
00000000
00000000
00000000

00000000
00000000
00010000
00111000
01101100
00000000
00000000
00000000

00000000
00000000
00000000
00000000
01010000
01110000
00010000
00000000

00000000
00000000
00100000
00100000
00111100
00000000
00000000
00000000

00000000
00100000
00110000
01100000
00000000
00000000
00000000
00000000

00000000
00000000
00000000
00000000
11100000
00110000
00011100
00000000

00000000
00000111
00000010
00000010
00000010
00000000
00000000
00000000

00000000
00000000
00110000
00110000
00000000
00000000
00000000
00000000

00000000
00000000
00010000
01011100
01110000
00000000
00000000
00000000

00000000
00000000
00000000
00111000
01111110
01000000
00000000
00000000

00000000
00001000
00111100
00101000
00001000
00000000
00000000
00000000

00000000
00000000
01110000
01111000
00010000
00110000
00000000
00000000

00000000
00000000
00000000
00000000
00111000
00001000
00000000
00000000

00000000
01000000
01000000
01000000
01000000
01000000
00000000
00000000

00000000
00000000
00000000
01111100
01010100
01010100
00000000
00000000

00000000
00000000
00111100
00000100
00001100
00000000
00000000
00000000

00000000
00000000
00110000
00011100
00010000
00000000
00000000
00000000

00000000
01100000
01000000
01000000
01000000
00000000
00000000
00000000

00000000
00000000
00110000
00110000
00110000
00000000
00000000
00000000

00000000
01100000
00110000
00010000
00000000
00000000
00000000
00000000

00000000
00000000
00000000
00000100
00000100
01111100
00000000
00000000

00000000
00000000
01000000
01111000
00110000
00000000
00000000
00000000

00000000
00000000
01110000
00011100
00000100
00000100
00000000
00000000

00000000
11110000
00010000
00010000
00010000
00000000
00000000
00000000

00000000
00000000
00000000
00000000
00110000
11110000
00111100
00000000

00000000
00000000
11111000
00100000
00111000
00000000
00000000
00000000

00000000
00000000
00000000
00000000
11000000
01110000
00111000
00000000

11111110
00000011
00000000
00000000
00000000
00000000
00000000
00000000

10000000
11000000
10000000
10000000
00000000
00000000
00000000
00000000

00000000
00000000
00000000
00000100
01111110
00000100
00000000
00000000

00000000
00100000
00100000
00111100
00110000
00000000
00000000
00000000

00000000
00000000
01000000
01000000
01111000
00000000
00000000
00000000

1000000
11110000
00100000
00111000
00001000
00001000
00000000
00000000

00000000
11100000
11100000
00000000
00000000
00000000
00000000
00000000

00000000
00011000
00001000
00001000
00001000
00000000
00000000
00000000

00000000
01100000
00100000
00111000
00000000
00000000
00000000
00000000

00000000
00000000
01111000
00001000
00011000
00000000
00000000
00000000

00000000
00000000
00110000
00111000
00101000
00000000
00000000
00000000

00000000
00100000
00100000
00100000
01110000
00000000
00000000
00000000

00000000
00000000
00000000
00011100
00011100
00011100
00000000
00000000

00000000
01000000
01111000
01000000
00000000
00000000
00000000
00000000

00000000
00000000
01111000
00011000
00000000
00000000
00000000
00000000

11000000
11000000
11000000
11000000
11000000
11100000
00000000
00000000

00000000
00000000
01111000
00011100
00000000
00000000
00000000
00000000

00000000
00010000
00011000
00001100
00000000
00000000
00000000
00000000

00000000
00000000
01010000
01010000
01111000
00101000
00101000
00000000

00000000
00000000
00111000
00001000
00001000
00000000
00000000
00000000

00000000
01010100
01111100
00101000
00000000
00000000
00000000
00000000

00000000
00000000
00000000
11111110
00000000
00000000
00000000
00000000

00000000
01110000
00011000
00000000
00000000
00000000
00000000
00000000

00000000
00000000
00000000
00010000
00010000
00110000
11100000
00000000

00000000
11100000
00100000
00000000
00000000
00000000
00000000
00000000

00000000
00010000
00110000
00010000
00110000
00000000
00000000
00000000

00000000
00010000
00111000
00010000
00000000
00000000
00000000
00000000

00000000
00000000
00000000
00000000
00110000
00011000
00011000
00000000

00000000
00000000
00010100
00111100
00010000
00000000
00000000
00000000

00000000
00000000
00000000
01110000
11100000
01110000
00000000
00000000

00000000
00000000
00000000
00000000
11111111
00000000
00000000
00000000

00000000
00000000
00000000
00000000
00100000
01100000
00100000
00000000

00000000
01111000
00001000
00000000
00000000
00000000
00000000
00000000

00000000
00000000
00100000
00100000
00111100
00000000
00000000
00000000

00000000
01111100
00001100
00000100
00000100
00000000
00000000
00000000

00000000
00000000
01000000
01111000
00000000
00000000
00000000
00000000

00000000
00000000
00110000
00010000
00011000
00000000
00000000
00000000

00000000
00001000
00011000
00111000
00001000
00001000
00000000
00000000

00000000
00000000
00011000
00111000
00100000
00100000
00000000
00000000

10000000
00000000
00000000
00000000
00000000
00000000
00000000
00000000

11000000
00000000
00000000
00000000
00000000
00000000
00000000
00000000

11100000
00000000
00000000
00000000
00000000
00000000
00000000
00000000

11000000
10000000
00000000
00000000
00000000
00000000
00000000
00000000

11110000
00000000
00000000
00000000
00000000
00000000
00000000
00000000

11100000
01000000
00000000
00000000
00000000
00000000
00000000
00000000

11100000
10000000
00000000
00000000
00000000
00000000
00000000
00000000

11000000
11000000
00000000
00000000
00000000
00000000
00000000
00000000

10000000
11000000
01000000
00000000
00000000
00000000
00000000
00000000

11111000
00000000
00000000
00000000
00000000
00000000
00000000
00000000

11110000
10000000
00000000
00000000
00000000
00000000
00000000
00000000

11110000
01000000
00000000
00000000
00000000
00000000
00000000
00000000

11100000
11000000
00000000
00000000
00000000
00000000
00000000
00000000

11100000
10000000
10000000
00000000
00000000
00000000
00000000
00000000

11100000
00110000
00000000
00000000
00000000
00000000
00000000
00000000

11100000
01000000
01000000
00000000
00000000
00000000
00000000
00000000

11100000
10100000
00000000
00000000
00000000
00000000
00000000
00000000

11000000
01100000
01000000
00000000
00000000
00000000
00000000
00000000

11000000
01100000
00100000
00000000
00000000
00000000
00000000
00000000

11111100
00000000
00000000
00000000
00000000
00000000
00000000
00000000

11111000
00001000
00000000
00000000
00000000
00000000
00000000
00000000

11110000
00110000
00000000
00000000
00000000
00000000
00000000
00000000

11100000
11100000
00000000
00000000
00000000
00000000
00000000
00000000
