00000000000000000000000000000000
00000000000000000000000000000000
00000110000000000000000000000000
00011111100000000000000000000000
00011111100000000000000000000000
00111111110000000000000000000000
00111111110000000000000000000000
00011111100000000000000000000000
00011111100000000000000000000000
00000110000000000000000000000000
00000000000000000000000000000000
00000000000000000000000000000000
00000000000000011000000000000000
00000000000001111110000000000000
00000000000001111110000000000000
00000000000011111111000000000000
00000000000011111111000000000000
00000000000001111110000000000000
00000000000001111110000000000000
00000000000000011000000000000000
00000000000000000000000000000000
00000000000000000000000000000000
00000000000000000000000001100000
00000000000000000000000111111000
00000000000000000000000111111000
00000000000000000000001111111100
00000000000000000000001111111100
00000000000000000000000111111000
00000000000000000000000111111000
00000000000000000000000001100000
00000000000000000000000000000000
00000000000000000000000000000000

145
11000000
01000000
01000000
00000000
00000000
00000000
00000000
00000000

00100000
11100000
10000000
00000000
00000000
00000000
00000000
00000000

01000000
11100000
00000000
00000000
00000000
00000000
00000000
00000000

01000000
11100000
00000000
00000000
00000000
00000000
00000000
00000000

01000000
11100000
00000000
00000000
00000000
00000000
00000000
00000000

00000100
10000100
11111100
00000000
00000000
00000000
00000000
00000000

10000000
11111000
10000000
00000000
00000000
00000000
00000000
00000000

10000000
10000000
10000000
11000000
01000000
00000000
00000000
00000000

10000000
11000000
01000000
00000000
00000000
00000000
00000000
00000000

10000000
11000000
01000000
00000000
00000000
00000000
00000000
00000000

01110000
11100000
00000000
00000000
00000000
00000000
00000000
00000000

01000000
01000000
11000000
00000000
00000000
00000000
00000000
00000000

10000000
11000000
10000000
00000000
00000000
00000000
00000000
00000000

11111111
00011000
00000000
00000000
00000000
00000000
00000000
00000000

10000000
10000000
11000000
10000000
10000000
00000000
00000000
00000000

10000000
11000000
01000000
00000000
00000000
00000000
00000000
00000000

01100000
01000000
11000000
00000000
00000000
00000000
00000000
00000000

01100000
01000000
11000000
00000000
00000000
00000000
00000000
00000000

01100000
11000000
00000000
00000000
00000000
00000000
00000000
00000000

11000000
10000000
11100000
00100000
00100000
00000000
00000000
00000000

11100000
10000000
11000000
00000000
00000000
00000000
00000000
00000000

00100000
11100000
10000000
00000000
00000000
00000000
00000000
00000000

11000000
01100000
00000000
00000000
00000000
00000000
00000000
00000000

11000000
01100000
00000000
00000000
00000000
00000000
00000000
00000000

01000000
01000000
11000000
01000000
00000000
00000000
00000000
00000000

11000000
11000000
00000000
00000000
00000000
00000000
00000000
00000000

11000000
01100000
00000000
00000000
00000000
00000000
00000000
00000000

11000000
01100000
00000000
00000000
00000000
00000000
00000000
00000000

11000000
01000000
01000000
00000000
00000000
00000000
00000000
00000000

11000000
11000000
00000000
00000000
00000000
00000000
00000000
00000000

00000100
00011100
11110000
00000000
00000000
00000000
00000000
00000000

00100000
11110000
00000000
00000000
00000000
00000000
00000000
00000000

01000000
01000000
11100000
01000000
00000000
00000000
00000000
00000000

00000001
00000001
00000001
00000001
00000001
00000001
00000001
00000011

00000000
00000000
00000000
00000000
00000011
00000010
00000010
00000010

00100000
11100000
01000000
00000000
00000000
00000000
00000000
00000000

11000000
01100000
00100000
00000000
00000000
00000000
00000000
00000000

01100000
11110000
00000000
00000000
00000000
00000000
00000000
00000000

11000000
01100000
01000000
00000000
00000000
00000000
00000000
00000000

01100000
11000000
10000000
00000000
00000000
00000000
00000000
00000000

00010000
01110000
01000000
01000000
01000000
11000000
00000000
00000000

11100000
11000000
00000000
00000000
00000000
00000000
00000000
00000000

01000000
11100000
00100000
00100000
00000000
00000000
00000000
00000000

00001000
00111000
11100000
00000000
00000000
00000000
00000000
00000000

11100000
00100000
00000000
00000000
00000000
00000000
00000000
00000000

10000000
11111110
00000010
00000000
00000000
00000000
00000000
00000000

11000000
01100000
00000000
00000000
00000000
00000000
00000000
00000000

10000000
10000000
10000000
10000000
10000000
10000000
10000000
10000000

10000000
11100000
00100000
00110000
00000000
00000000
00000000
00000000

00000000
00000000
00000000
00000000
00000000
00000000
11110000
00010000

11000000
10000000
10000000
11000000
01000000
00000000
00000000
00000000

11000000
01000000
01000000
01000000
01100000
00000000
00000000
00000000

11000000
01000000
01000000
01000000
01100000
00000000
00000000
00000000

01000000
11000000
01000000
00000000
00000000
00000000
00000000
00000000

10100000
11100000
01000000
11100000
00000000
00000000
00000000
00000000

01000000
01000000
11000000
00000000
00000000
00000000
00000000
00000000

11000000
01000000
11000000
00000000
00000000
00000000
00000000
00000000

00000000
00000000
00000000
00000000
00000000
00000000
00110000
11100000

10100000
11111100
00000000
00000000
00000000
00000000
00000000
00000000

11100000
10000000
11000000
00000000
00000000
00000000
00000000
00000000

00100000
11100000
00100000
00000000
00000000
00000000
00000000
00000000

00100000
00100000
00100000
00100000
11100000
10000000
00000000
00000000

10000000
11100000
00100000
00000000
00000000
00000000
00000000
00000000

00000000
00000000
00000000
00000000
00000000
00000000
11111000
00011000

10000000
11110000
01010000
00000000
00000000
00000000
00000000
00000000

11111100
00010000
00011000
00000000
00000000
00000000
00000000
00000000

11000000
01000000
01111000
00001000
00000000
00000000
00000000
00000000

11100000
00110000
00000000
00000000
00000000
00000000
00000000
00000000

10000000
11000000
01110000
00000000
00000000
00000000
00000000
00000000

10000000
11111100
00000000
00000000
00000000
00000000
00000000
00000000

11000000
01000000
01000000
01000000
00000000
00000000
00000000
00000000

10000000
11000000
01100000
00110000
00000000
00000000
00000000
00000000

01000000
11000000
01000000
00000000
00000000
00000000
00000000
00000000

01000000
11000000
01000000
01000000
00000000
00000000
00000000
00000000

11111000
01100000
00000000
00000000
00000000
00000000
00000000
00000000

10000000
10000000
10000000
10000000
10000000
10000000
10000000
00000000

00000000
00000111
01111100
01000000
00000000
00000000
00000000
00000000

00001000
11111111
00000000
00000000
00000000
00000000
00000000
00000000

00000001
00000001
00000001
00000001
00000011
00000000
00000000
00000000

00011000
00010000
00011111
00000000
00000000
00000000
00000000
00000000

10000000
10000000
11000000
10000000
00000000
00000000
00000000
00000000

00011000
00010000
00011111
00000000
00000000
00000000
00000000
00000000

00000010
00000010
00000010
11111110
00000000
00000000
00000000
00000000

00000000
00000000
00000000
00000000
00000000
00000000
00000000
11111111

00001000
00111000
00000000
00000000
00000000
00000000
00000000
00000000

00000010
00000011
00000001
00000000
00000000
00000000
00000000
00000000

00011000
11110000
00000000
00000000
00000000
00000000
00000000
00000000

00000100
00000100
00000111
00000111
00000000
00000000
00000000
00000000

11000000
01000000
01000000
01000000
01000000
00000000
00000000
00000000

00000001
00000001
00000001
00000001
00000011
00000010
00000000
00000000

00001111
00111000
00100000
00000000
00000000
00000000
00000000
00000000

01000000
11000000
01000000
11000000
01000000
00000000
00000000
00000000

11000000
11100000
00000000
00000000
00000000
00000000
00000000
00000000

01000000
11000000
10000000
10000000
00000000
00000000
00000000
00000000

11111111
11000000
10000000
00000000
00000000
00000000
00000000
00000000

10000000
10000000
11111000
00000000
00000000
00000000
00000000
00000000

00100000
00100000
00100000
00100000
10100000
11100000
00000000
00000000

00000000
00000000
00000000
00000000
00000011
00000001
00000001
00000011

01000000
01000000
01000000
11000000
01000000
00000000
00000000
00000000

01000000
11000000
01000000
01000000
00000000
00000000
00000000
00000000

11110000
11110000
00000000
00000000
00000000
00000000
00000000
00000000

01111000
11000000
00000000
00000000
00000000
00000000
00000000
00000000

11100000
00100000
00100000
01100000
00000000
00000000
00000000
00000000

01000000
01000000
01000000
11000000
10000000
10000000
11100000
00000000

11100000
01100000
01000000
01000000
00000000
00000000
00000000
00000000

00001000
00001110
11111110
00000000
00000000
00000000
00000000
00000000

01000000
01000000
11000000
11110000
00000000
00000000
00000000
00000000

11000000
01100000
00100000
00100000
00000000
00000000
00000000
00000000

11000000
01100000
00000000
00000000
00000000
00000000
00000000
00000000

11000000
01100000
00000000
00000000
00000000
00000000
00000000
00000000

11000000
01100000
00000000
00000000
00000000
00000000
00000000
00000000

11000000
01100000
00110000
00011000
00001000
00000000
00000000
00000000

01100000
11110000
00000000
00000000
00000000
00000000
00000000
00000000

11100000
00111000
00001000
00000000
00000000
00000000
00000000
00000000

11111000
10000000
00000000
00000000
00000000
00000000
00000000
00000000

10000000
10000000
11111000
00000000
00000000
00000000
00000000
00000000

01000000
11000000
01000000
00000000
00000000
00000000
00000000
00000000

11000000
01100000
00100000
00000000
00000000
00000000
00000000
00000000

10000000
11000000
10000000
11000000
00000000
00000000
00000000
00000000

11000000
01000000
01100000
01100000
00000000
00000000
00000000
00000000

00000000
00000000
00000000
00011100
00011100
00011100
00000000
00000000

10000000
11100000
01100000
00100000
00000000
00000000
00000000
00000000

11000000
01111000
00000000
00000000
00000000
00000000
00000000
00000000

11111000
00001100
00000000
00000000
00000000
00000000
00000000
00000000

10000000
11000000
11100000
00000000
00000000
00000000
00000000
00000000

11000000
01110000
00000000
00000000
00000000
00000000
00000000
00000000

00000000
00000000
00000000
01000000
01000000
11000000
10000000
11000000

01100000
11000000
00000000
00000000
00000000
00000000
00000000
00000000

10000000
11100000
00111000
00000000
00000000
00000000
00000000
00000000

01000000
11000000
01100000
00000000
00000000
00000000
00000000
00000000

00110000
11100000
10000000
10000000
00000000
00000000
00000000
00000000

01000000
11000000
10000000
00000000
00000000
00000000
00000000
00000000

10000000
11111110
00000010
00000000
00000000
00000000
00000000
00000000

00000000
00000000
00000000
00000000
00000000
00000000
00111111
00010010

00011100
00010110
00000000
00000000
00000000
00000000
00000000
00000000

11100000
10000000
00000000
00000000
00000000
00000000
00000000
00000000

10000000
10000000
10000000
11100000
00100000
00000000
00000000
00000000

11111000
00001100
00000000
00000000
00000000
00000000
00000000
00000000

00000000
00000000
00000000
00000000
00000000
00000000
11100000
01000000

00000000
00000000
00000000
00000000
00000000
00000000
11100000
01000000

00000000
00000000
00000000
00000000
00000000
00000000
11100000
01000000

00000000
00000000
00000000
00000000
00000000
00000000
11100000
01000000

11000000
10000000
10000000
10000000
10000000
00000000
00000000
00000000

00000001
00000001
00000001
00000001
00000001
00000001
00000101
00000111

00011111
00010000
00010000
00000000
00000000
00000000
00000000
00000000
