00000000100000010000000100000000
00000001000000100000001000000000
00010010000000010000000100000100
00100001000000000000000010001000
00010000100011111111000000000100
00001001011100000000111000000010
00010000000000000000000110000100
00100010000000000000000001001000
00000100000000010001000000100100
00001000001001000000010000010010
00010000100000001010100000001000
00010000000100100000000100001000
00101001010000001001000000010100
00100000000010000010010100000100
01010000101000101000000000001010
01000000000000000001010000000010
01001000010100010000000100010010
01000000000001000100010000000010
01000100000100010001000000100010
00100000000000000000000000000100
00100001000000000000000010000100
00100000010000000000001000000100
00010000000100000000100000001000
00010000000000100100000000001000
00001000000000000000000000010000
00000100000000000000000000100000
00000010000000000000000001000000
00000001100000000000000110000000
00000000011100000000111000000000
00000000000011111111000000000000
00000000000000000000000000000000
00000000000000000000000000000000

167
10000000
10000000
10000000
00000000
00000000
00000000
00000000
00000000

01000000
11100000
10000000
00000000
00000000
00000000
00000000
00000000

11100000
01000000
00000000
00000000
00000000
00000000
00000000
00000000

01100000
01000000
11000000
00000000
00000000
00000000
00000000
00000000

10100000
11100000
00000000
00000000
00000000
00000000
00000000
00000000

11000000
10000000
10000000
10000000
11000000
01000000
00000000
00000000

11000000
10000000
00000000
00000000
00000000
00000000
00000000
00000000

10000000
11000000
10000000
00000000
00000000
00000000
00000000
00000000

01100000
01000000
01000000
11000000
00000000
00000000
00000000
00000000

11000000
10000000
10000000
00000000
00000000
00000000
00000000
00000000

11000000
01000000
01000000
00000000
00000000
00000000
00000000
00000000

01100000
11000000
10000000
00000000
00000000
00000000
00000000
00000000

11100000
00100000
00000000
00000000
00000000
00000000
00000000
00000000

11000000
11000000
10000000
00000000
00000000
00000000
00000000
00000000

01100000
11000000
00000000
00000000
00000000
00000000
00000000
00000000

11100000
10000000
00000000
00000000
00000000
00000000
00000000
00000000

01100000
11000000
00000000
00000000
00000000
00000000
00000000
00000000

11100000
01000000
00000000
00000000
00000000
00000000
00000000
00000000

01111100
11000000
00000000
00000000
00000000
00000000
00000000
00000000

11111110
00000000
00000000
00000000
00000000
00000000
00000000
00000000

11100000
01000000
00000000
00000000
00000000
00000000
00000000
00000000

11110000
10010000
00000000
00000000
00000000
00000000
00000000
00000000

11000000
10000000
10000000
10000000
10000000
00000000
00000000
00000000

10000000
11000000
10000000
00000000
00000000
00000000
00000000
00000000

01000000
11000000
00000000
00000000
00000000
00000000
00000000
00000000

11100000
01000000
00000000
00000000
00000000
00000000
00000000
00000000

00011000
00001100
00000100
00000000
00000000
00000000
00000000
00000000

10000000
10000000
11110000
00000000
00000000
00000000
00000000
00000000

11000000
11000000
00000000
00000000
00000000
00000000
00000000
00000000

11111111
00000000
00000000
00000000
00000000
00000000
00000000
00000000

11110000
10000000
00000000
00000000
00000000
00000000
00000000
00000000

10000000
11100000
10000000
00000000
00000000
00000000
00000000
00000000

11000000
01000000
11000000
00000000
00000000
00000000
00000000
00000000

00000110
00000100
11111100
00000000
00000000
00000000
00000000
00000000

11100000
10000000
00000000
00000000
00000000
00000000
00000000
00000000

10000000
11000000
10000000
00000000
00000000
00000000
00000000
00000000

11111000
01000000
00000000
00000000
00000000
00000000
00000000
00000000

11000000
01100000
00000000
00000000
00000000
00000000
00000000
00000000

10000000
11000000
10000000
00000000
00000000
00000000
00000000
00000000

11000000
10000000
10000000
10000000
00000000
00000000
00000000
00000000

10000000
10000000
11000000
01000000
00000000
00000000
00000000
00000000

11100000
01000000
00000000
00000000
00000000
00000000
00000000
00000000

00000000
00000000
10000000
10000000
11000000
00000000
00000000
00000000

01000000
11000000
01000000
00000000
00000000
00000000
00000000
00000000

00000000
01110000
00100000
00000000
00000000
00000000
00000000
00000000

10000000
11000000
10000000
10000000
00000000
00000000
00000000
00000000

10000000
11000000
10000000
10000000
10000000
10000000
10000000
10000000

11100000
10000000
10000000
10000000
10000000
10000000
10000000
00000000

00100000
11100000
00000000
00000000
00000000
00000000
00000000
00000000

11000000
10000000
10000000
00000000
00000000
00000000
00000000
00000000

11000000
01000000
01000000
00000000
00000000
00000000
00000000
00000000

01100000
11000000
00000000
00000000
00000000
00000000
00000000
00000000

10000000
10000000
10000000
11000000
00000000
00000000
00000000
00000000

11000000
01000000
01100000
00000000
00000000
00000000
00000000
00000000

11000000
10000000
10000000
10000000
10000000
10000000
00000000
00000000

10000000
11000000
01000000
00000000
00000000
00000000
00000000
00000000

01100000
11000000
00000000
00000000
00000000
00000000
00000000
00000000

00110000
11100000
00000000
00000000
00000000
00000000
00000000
00000000

01000000
11000000
11000000
00000000
00000000
00000000
00000000
00000000

11000000
10000000
10000000
00000000
00000000
00000000
00000000
00000000

10011100
11110000
00000000
00000000
00000000
00000000
00000000
00000000

10000000
11111000
00000000
00000000
00000000
00000000
00000000
00000000

00111111
00100010
00000000
00000000
00000000
00000000
00000000
00000000

00001100
00001000
00001000
00001000
00001000
00000000
00000000
00000000

11000000
01100000
00000000
00000000
00000000
00000000
00000000
00000000

11000000
01110000
00010000
00000000
00000000
00000000
00000000
00000000

11111110
11000000
01000000
00000000
00000000
00000000
00000000
00000000

01000000
11100000
01100000
00000000
00000000
00000000
00000000
00000000

00100000
01100000
11000000
00000000
00000000
00000000
00000000
00000000

01000000
11000000
01000000
00000000
00000000
00000000
00000000
00000000

11100000
01000000
00000000
00000000
00000000
00000000
00000000
00000000

01110000
11000000
00000000
00000000
00000000
00000000
00000000
00000000

01000000
01000000
01000000
01000000
11000000
11000000
01000000
00000000

11000000
01100000
00000000
00000000
00000000
00000000
00000000
00000000

00100000
11110000
00000000
00000000
00000000
00000000
00000000
00000000

10000000
11000000
10000000
10000000
00000000
00000000
00000000
00000000

10000000
11000000
00000000
00000000
00000000
00000000
00000000
00000000

10000000
11000000
00000000
00000000
00000000
00000000
00000000
00000000

10000000
10000000
10000000
11000000
01000000
01000000
00000000
00000000

01000000
01000000
01000000
01000000
11000000
10000000
00000000
00000000

01000000
11000000
10000000
10000000
00000000
00000000
00000000
00000000

10000000
10000000
10000000
11100000
00000000
00000000
00000000
00000000

11000000
11000000
00000000
00000000
00000000
00000000
00000000
00000000

01100000
00110000
00000000
00000000
00000000
00000000
00000000
00000000

01000000
11000000
10000000
00000000
00000000
00000000
00000000
00000000

10110000
11100000
00000000
00000000
00000000
00000000
00000000
00000000

11111000
00100000
00000000
00000000
00000000
00000000
00000000
00000000

01100000
11000000
00000000
00000000
00000000
00000000
00000000
00000000

11100000
11000000
00000000
00000000
00000000
00000000
00000000
00000000

11100000
00100000
00100000
00110000
00000000
00000000
00000000
00000000

10000000
11000000
01000000
00000000
00000000
00000000
00000000
00000000

01000000
11000000
01000000
00000000
00000000
00000000
00000000
00000000

11111000
10000000
00000000
00000000
00000000
00000000
00000000
00000000

11000000
10000000
00000000
00000000
00000000
00000000
00000000
00000000

10000000
11100000
00100000
00000000
00000000
00000000
00000000
00000000

11110000
00100000
00000000
00000000
00000000
00000000
00000000
00000000

11000000
11000000
00000000
00000000
00000000
00000000
00000000
00000000

10000000
11100000
00100000
00000000
00000000
00000000
00000000
00000000

00100000
11100000
10000000
00000000
00000000
00000000
00000000
00000000

00000000
01000000
01100000
11000000
10000000
00000000
00000000
00000000

01111000
01000000
01000000
00000000
00000000
00000000
00000000
00000000

11100000
00100000
00100000
00000000
00000000
00000000
00000000
00000000

11110000
01000000
00000000
00000000
00000000
00000000
00000000
00000000

00100000
11100000
00000000
00000000
00000000
00000000
00000000
00000000

01000000
01000000
01000000
01000000
11000000
00000000
00000000
00000000

11100000
01100000
01000000
00000000
00000000
00000000
00000000
00000000

00100000
01100000
11000000
10000000
00000000
00000000
00000000
00000000

11110000
00010000
00000000
00000000
00000000
00000000
00000000
00000000

11000000
01100000
00110000
00000000
00000000
00000000
00000000
00000000

11000000
01100000
00110000
00000000
00000000
00000000
00000000
00000000

10000000
11111000
00000000
00000000
00000000
00000000
00000000
00000000

01100000
11000000
00000000
00000000
00000000
00000000
00000000
00000000

00010000
00011000
11110000
00000000
00000000
00000000
00000000
00000000

11000000
01100000
01000000
00000000
00000000
00000000
00000000
00000000

11000000
01110000
00100000
00000000
00000000
00000000
00000000
00000000

00100000
00110000
11100000
10000000
00000000
00000000
00000000
00000000

11110000
00100000
00000000
00000000
00000000
00000000
00000000
00000000

10000000
11100000
10000000
00000000
00000000
00000000
00000000
00000000

11000000
01000000
11000000
10000000
00000000
00000000
00000000
00000000

10000000
11000000
10000000
10000000
11000000
00000000
00000000
00000000

11000000
10000000
00000000
00000000
00000000
00000000
00000000
00000000

11111000
10001000
00000000
00000000
00000000
00000000
00000000
00000000

01100000
11000000
00000000
00000000
00000000
00000000
00000000
00000000

11100000
10100000
00000000
00000000
00000000
00000000
00000000
00000000

11100000
10000000
10000000
10000000
00000000
00000000
00000000
00000000

01000000
01000000
01000000
11000000
00000000
00000000
00000000
00000000

11000000
10000000
11111000
00000000
00000000
00000000
00000000
00000000

01000000
11000000
10000000
10000000
00000000
00000000
00000000
00000000

10000000
11100000
00000000
00000000
00000000
00000000
00000000
00000000

11000000
11000000
01000000
00000000
00000000
00000000
00000000
00000000

10000000
11100000
10000000
00000000
00000000
00000000
00000000
00000000

10100000
11100000
00100000
00100000
00100000
00100000
00100000
00000000

10000000
10000000
10000000
11000000
00000000
00000000
00000000
00000000

01000000
11000000
11000000
10000000
00000000
00000000
00000000
00000000

11100000
00100000
00100000
00100000
00110000
00000000
00000000
00000000

00100000
11100000
00100000
00110000
00000000
00000000
00000000
00000000

11000000
10000000
10000000
10000000
00000000
00000000
00000000
00000000

10000000
10000000
11000000
00000000
00000000
00000000
00000000
00000000

01000000
11000000
10000000
00000000
00000000
00000000
00000000
00000000

01000000
11000000
10000000
00000000
00000000
00000000
00000000
00000000

00000000
01100000
01100000
00000000
00000000
00000000
00000000
00000000

10000000
11100000
00000000
00000000
00000000
00000000
00000000
00000000

11000000
01000000
01000000
01100000
00000000
00000000
00000000
00000000

00000000
01101000
00111000
00000000
00000000
00000000
00000000
00000000

11100000
01000000
01000000
00000000
00000000
00000000
00000000
00000000

11000000
01000000
01000000
01000000
01000000
00000000
00000000
00000000

01000000
01000000
11000000
00000000
00000000
00000000
00000000
00000000

01000000
01000000
11000000
00000000
00000000
00000000
00000000
00000000

11000000
01000000
01100000
00000000
00000000
00000000
00000000
00000000

11100000
10100000
00000000
00000000
00000000
00000000
00000000
00000000

11111100
00000000
00000000
00000000
00000000
00000000
00000000
00000000

11000000
01000000
01000000
00000000
00000000
00000000
00000000
00000000

10000000
10000000
11100000
10000000
10000000
10000000
00000000
00000000

01000000
11000000
01000000
01000000
00000000
00000000
00000000
00000000

00001000
11111000
00000000
00000000
00000000
00000000
00000000
00000000

11000000
10000000
10000000
00000000
00000000
00000000
00000000
00000000

00010000
11110000
10000000
00000000
00000000
00000000
00000000
00000000

01000000
01000000
11000000
00000000
00000000
00000000
00000000
00000000

01000000
01000000
01000000
11000000
11000000
01000000
00000000
00000000

00000010
00000011
00000001
00000001
00000000
00000000
00000000
00000000

00100000
11110000
00000000
00000000
00000000
00000000
00000000
00000000

01000000
11111000
00000000
00000000
00000000
00000000
00000000
00000000

11100000
10100000
00000000
00000000
00000000
00000000
00000000
00000000

11000000
10000000
10000000
10000000
00000000
00000000
00000000
00000000

00000000
01100000
01000000
01000000
01100000
01000000
00000000
00000000

00011000
00001000
00000000
00000000
00000000
00000000
00000000
00000000

10000000
10000000
11000000
00000000
00000000
00000000
00000000
00000000
