11111111111111111111111111111111
11111111111111000001111111111111
11111111111100000000111111111111
11111111111110000000011001111111
11111111000010000000000000011111
11111110000000000000010000011111
11111100000010000000011000011111
11111100000110000000010000111111
11111110000010000000000001111111
11111111100000000000000011111111
11111111110000000000001111100111
11100111000000000000001100000011
11000000000000000000000000000001
10000000000000000000000000000001
10000000000000000000000000000001
10000000000000000000000000000001
10000000000000000000011111100011
11000000010000000000001110111111
11111000100000001000000110011111
11111111110000001000000110011111
11111111110000010000000110001111
11111111100000010000001110001111
11011111100000110000011110000111
11000111000000110000011100000111
11100000000000110000001100000111
11100000000000110000000000000011
11110000000000111000000000000011
11110000000001111000000000000001
11110000000011111100000000000001
11111100000111111100000000000011
11111110001111111111000000001111
11111111111111111111111111111111

114
10000000
11000000
01100000
00000000
00000000
00000000
00000000
00000000

01110000
11010000
00000000
00000000
00000000
00000000
00000000
00000000

01000000
01000000
11100000
01000000
00000000
00000000
00000000
00000000

10000000
11000000
01000000
00000000
00000000
00000000
00000000
00000000

10000000
11110000
00000000
00000000
00000000
00000000
00000000
00000000

11100000
10100000
00000000
00000000
00000000
00000000
00000000
00000000

11100000
00110000
00100000
00000000
00000000
00000000
00000000
00000000

11100000
10110000
00000000
00000000
00000000
00000000
00000000
00000000

10000000
10000000
10000000
10000000
10000000
10000000
10000000
10000000

10000000
11100000
00000000
00000000
00000000
00000000
00000000
00000000

11000000
01000000
01000000
11110000
00000000
00000000
00000000
00000000

00101000
11111110
00000000
00000000
00000000
00000000
00000000
00000000

10000000
11100000
00000000
00000000
00000000
00000000
00000000
00000000

11000000
10000000
00000000
00000000
00000000
00000000
00000000
00000000

11000000
10000000
10000000
00000000
00000000
00000000
00000000
00000000

10010000
11110000
01100000
00100000
00000000
00000000
00000000
00000000

10000000
11000000
10000000
00000000
00000000
00000000
00000000
00000000

10000000
10000000
11000000
11000000
11000000
01000000
00000000
00000000

10000000
10000000
10000000
11000000
00000000
00000000
00000000
00000000

01000000
01100000
11000000
10000000
00000000
00000000
00000000
00000000

11000000
11000000
00000000
00000000
00000000
00000000
00000000
00000000

11000000
01000000
01100000
00000000
00000000
00000000
00000000
00000000

00110000
01100000
11000000
00000000
00000000
00000000
00000000
00000000

00000010
00000010
11111110
00000000
00000000
00000000
00000000
00000000

01000000
01000000
11000000
01000000
01000000
01000000
11000000
00000000

11111000
01001000
00000000
00000000
00000000
00000000
00000000
00000000

01100000
01000000
11000000
11100000
00000000
00000000
00000000
00000000

00100000
00100000
00100000
11100000
00000000
00000000
00000000
00000000

10000000
10100000
11100000
00000000
00000000
00000000
00000000
00000000

01010000
01110000
11000000
00000000
00000000
00000000
00000000
00000000

01000000
01111111
00000000
00000000
00000000
00000000
00000000
00000000

00100000
01100000
11000000
00000000
00000000
00000000
00000000
00000000

00001000
00001110
00000010
00000110
00000000
00000000
00000000
00000000

01000000
01000000
01000000
11000000
01000000
00000000
00000000
00000000

00000110
00000111
00000100
00000000
00000000
00000000
00000000
00000000

00110000
01111000
00000000
00000000
00000000
00000000
00000000
00000000

11000000
11000000
01000000
11000000
10000000
00000000
00000000
00000000

01000000
01000000
11000000
01000000
01000000
00000000
00000000
00000000

01000000
01100000
11000000
01000000
01000000
00000000
00000000
00000000

01111000
11111000
00000000
00000000
00000000
00000000
00000000
00000000

11110000
00100000
00000000
00000000
00000000
00000000
00000000
00000000

11000000
01000000
01000000
01111100
00000000
00000000
00000000
00000000

10000000
10000000
10000000
11100000
00000000
00000000
00000000
00000000

00010000
00010000
11111000
00000000
00000000
00000000
00000000
00000000

11110000
00011000
00000000
00000000
00000000
00000000
00000000
00000000

01000000
01100000
11000000
01100000
00000000
00000000
00000000
00000000

01000000
11000000
01000000
00000000
00000000
00000000
00000000
00000000

00000000
00000000
00000000
00000000
00000000
00001111
00001100
00000100

11100000
00100000
00000000
00000000
00000000
00000000
00000000
00000000

11000000
01000000
01000000
11000000
00000000
00000000
00000000
00000000

01100000
11100000
00000000
00000000
00000000
00000000
00000000
00000000

01100000
01100000
00100000
00100000
00000000
00000000
00000000
00000000

00100000
01100000
01100000
00000000
00000000
00000000
00000000
00000000

00000000
00010000
11110000
10000000
00000000
00000000
00000000
00000000

01000000
01000000
01000000
01111000
00000000
00000000
00000000
00000000

00000000
00000000
00000001
00000001
00000001
00000001
00000001
00000001

00001100
00000110
00000011
00000000
00000000
00000000
00000000
00000000

01000000
11000000
01000000
00000000
00000000
00000000
00000000
00000000

11000000
01100000
00000000
00000000
00000000
00000000
00000000
00000000

00000010
00000110
00000100
00000000
00000000
00000000
00000000
00000000

01000000
01100000
01000000
11000000
00000000
00000000
00000000
00000000

11000000
11000000
10000000
00000000
00000000
00000000
00000000
00000000

00000000
00000000
01000000
11000000
01000000
00000000
00000000
00000000

00010000
00010000
00110000
01100000
11000000
00000000
00000000
00000000

01000000
11000000
10000000
00000000
00000000
00000000
00000000
00000000

01000000
01000000
01000000
01000000
11000000
01000000
00000000
00000000

00001000
00011000
00010000
11110000
00000000
00000000
00000000
00000000

00000000
00000000
00111110
00001100
00000000
00000000
00000000
00000000

10000000
11000000
01100000
00000000
00000000
00000000
00000000
00000000

01000000
01000000
01000000
01000000
11000000
00000000
00000000
00000000

11000000
01000000
01000000
01000000
00000000
00000000
00000000
00000000

11100000
00100000
00100000
00100000
00100000
00110000
00000000
00000000

10000000
11000000
00000000
00000000
00000000
00000000
00000000
00000000

00000000
00000000
00000000
00000000
00000000
00000010
00001110
00000011

01000000
11000000
10000000
10000000
00000000
00000000
00000000
00000000

01100000
11000000
00000000
00000000
00000000
00000000
00000000
00000000

01100000
11000000
00000000
00000000
00000000
00000000
00000000
00000000

01000000
01000000
01100000
11000000
00000000
00000000
00000000
00000000

11000000
01000000
01000000
11000000
00000000
00000000
00000000
00000000

10000000
11000000
01000000
00000000
00000000
00000000
00000000
00000000

00110000
11100000
00000000
00000000
00000000
00000000
00000000
00000000

11000000
11000000
00000000
00000000
00000000
00000000
00000000
00000000

11000000
01000000
01000000
11000000
00000000
00000000
00000000
00000000

01000000
11000000
01100000
00000000
00000000
00000000
00000000
00000000

00010000
11110000
10000000
00000000
00000000
00000000
00000000
00000000

01100000
11000000
10000000
00000000
00000000
00000000
00000000
00000000

11100000
10100000
00100000
00110000
00000000
00000000
00000000
00000000

10000000
11100000
00100000
00000000
00000000
00000000
00000000
00000000

00010000
00010000
11110000
00000000
00000000
00000000
00000000
00000000

10000000
11000000
11000000
11000000
10000000
00000000
00000000
00000000

10000000
11000000
10000000
00000000
00000000
00000000
00000000
00000000

01000000
11000000
10000000
00000000
00000000
00000000
00000000
00000000

11111111
00000011
00000000
00000000
00000000
00000000
00000000
00000000

11100000
01000000
01000000
00000000
00000000
00000000
00000000
00000000

11000000
11100000
01000000
00000000
00000000
00000000
00000000
00000000

10000000
11000000
10000000
10000000
00000000
00000000
00000000
00000000

10000000
11100000
00110000
00110000
00100000
00000000
00000000
00000000

01000000
01100000
11000000
01000000
00000000
00000000
00000000
00000000

10000000
11100000
00100000
00000000
00000000
00000000
00000000
00000000

10000000
10000000
11100000
00100000
00000000
00000000
00000000
00000000

10000000
10000000
10000000
10000000
11000000
00000000
00000000
00000000

11000000
01000000
01000000
01000000
01000000
01100000
00000000
00000000

10000000
11000000
11000000
11000000
01000000
01000000
00000000
00000000

01000000
01100000
01000000
11000000
00000000
00000000
00000000
00000000

00000000
00000000
00000000
00000000
00000111
00000100
00001100
00001000

00000011
00000110
00000000
00000000
00000000
00000000
00000000
00000000

01000000
11000000
01000000
00000000
00000000
00000000
00000000
00000000

00000010
00000010
00000010
00000010
00000111
00000000
00000000
00000000

01110000
11000000
00000000
00000000
00000000
00000000
00000000
00000000

01100000
11100000
01100000
01000000
00000000
00000000
00000000
00000000

01100000
11000000
10000000
10000000
00000000
00000000
00000000
00000000

01000000
01010000
11110000
00000000
00000000
00000000
00000000
00000000

11100000
10000000
00000000
00000000
00000000
00000000
00000000
00000000

11100000
11000000
00000000
00000000
00000000
00000000
00000000
00000000
